116.505158	39.984273
116.505167	39.984265
116.505167	39.984272
116.505171	39.984274
116.505176	39.984274
116.505168	39.984271
116.505171	39.984276
116.505167	39.984273
116.505164	39.984283
116.505168	39.984282
116.505161	39.984281
116.505148	39.984281
116.505157	39.984273
116.505149	39.98428
116.505152	39.984272
116.505145	39.984275
116.505149	39.984272
116.50515	39.984275
116.505144	39.98427
116.505148	39.984279
116.505137	39.984273
116.505146	39.984273
116.505133	39.984274
116.505139	39.984272
116.505144	39.984271
116.505144	39.98427
116.505134	39.984277
116.505133	39.984276
116.505109	39.984276
116.505114	39.984273
116.505107	39.984275
116.505103	39.984281
116.505098	39.984275
116.505098	39.984274
116.505101	39.984277
116.505101	39.984288
116.505103	39.984287
116.505107	39.984286
116.505112	39.984287
116.505104	39.984282
116.50511	39.984288
116.505107	39.98429
116.505119	39.984288
116.505114	39.984284
116.505113	39.984283
116.505115	39.984284
116.505119	39.984286
116.505119	39.984283
116.505118	39.984282
116.505131	39.984288
116.505131	39.984282
116.505137	39.984284
116.505137	39.984285
116.505168	39.984276
116.505189	39.984266
116.505243	39.984209
116.505275	39.984205
116.505297	39.984187
116.505308	39.984175
116.505318	39.984157
116.505332	39.984144
116.505342	39.984143
116.505365	39.984143
116.50539	39.984156
116.505423	39.984154
116.505505	39.984172
116.505558	39.984169
116.505623	39.984181
116.505683	39.984175
116.505734	39.984186
116.505792	39.984186
116.505852	39.984191
116.505911	39.984185
116.505989	39.984188
116.506045	39.984178
116.506116	39.984172
116.506161	39.984149
116.506193	39.98414
116.506214	39.984095
116.506219	39.984053
116.50624	39.983993
116.506251	39.983925
116.50626	39.983866
116.506267	39.983805
116.506277	39.983735
116.506274	39.983682
116.506301	39.983618
116.506307	39.983566
116.50631	39.983503
116.506299	39.983438
116.506298	39.983368
116.506285	39.983291
116.50628	39.983195
116.506287	39.983108
116.506281	39.983011
116.506256	39.982908
116.506251	39.982811
116.506259	39.982722
116.506263	39.982632
116.506267	39.982548
116.506266	39.982453
116.506265	39.982365
116.506271	39.982276
116.50628	39.982189
116.506286	39.982094
116.506293	39.982009
116.506291	39.981913
116.506305	39.981832
116.506303	39.981752
116.506309	39.981673
116.506312	39.981599
116.506325	39.981526
116.506325	39.981467
116.506334	39.98141
116.506332	39.981363
116.50634	39.981306
116.506335	39.981243
116.506331	39.98119
116.506333	39.981143
116.506343	39.981104
116.506355	39.981053
116.506353	39.980997
116.506356	39.980956
116.50635	39.980914
116.506366	39.980868
116.506365	39.980829
116.506371	39.980796
116.506378	39.980764
116.50638	39.980726
116.506381	39.980691
116.506384	39.980646
116.506383	39.98061
116.506381	39.980562
116.506351	39.980532
116.506295	39.980509
116.506242	39.980493
116.506157	39.980481
116.506075	39.980474
116.50599	39.980471
116.505889	39.980471
116.505784	39.980459
116.505662	39.980449
116.505534	39.980442
116.505401	39.980435
116.505267	39.98044
116.505113	39.980445
116.50497	39.980437
116.504849	39.980433
116.504709	39.980429
116.504584	39.980427
116.50446	39.980429
116.504353	39.980432
116.504249	39.980436
116.504164	39.980451
116.504096	39.980474
116.504038	39.980512
116.50399	39.980546
116.503955	39.980582
116.503921	39.980638
116.503898	39.980694
116.5039	39.980778
116.503874	39.98087
116.503844	39.980936
116.503839	39.981023
116.503803	39.981113
116.503777	39.981214
116.503759	39.981317
116.503751	39.981437
116.503736	39.981552
116.503732	39.981675
116.503724	39.981793
116.503719	39.981923
116.503697	39.982043
116.503684	39.982174
116.503678	39.982299
116.503679	39.982536
116.503661	39.982659
116.50366	39.982895
116.503644	39.983011
116.503639	39.983128
116.503633	39.983237
116.503625	39.983352
116.503634	39.983546
116.503637	39.983646
116.503633	39.983759
116.503624	39.98387
116.503608	39.983991
116.503583	39.984231
116.50358	39.984364
116.503572	39.984502
116.503564	39.98465
116.50357	39.9848
116.503582	39.98495
116.503586	39.985094
116.503602	39.985242
116.503618	39.985385
116.503629	39.985528
116.50364	39.985672
116.503642	39.985802
116.503651	39.985922
116.503655	39.986045
116.503674	39.98616
116.503687	39.98628
116.503697	39.986398
116.503703	39.986507
116.503705	39.986627
116.503708	39.986741
116.503708	39.986857
116.503717	39.986968
116.503725	39.987067
116.503724	39.987172
116.503725	39.987263
116.503722	39.98735
116.50371	39.987428
116.503713	39.987496
116.50372	39.987549
116.50372	39.987594
116.503722	39.98763
116.503729	39.987651
116.503736	39.987674
116.503728	39.987687
116.503712	39.987716
116.503704	39.987745
116.503698	39.987782
116.503682	39.987813
116.503649	39.987842
116.503615	39.987875
116.50358	39.987884
116.503525	39.98789
116.503458	39.98789
116.503392	39.987894
116.503322	39.987891
116.503243	39.987896
116.50315	39.987899
116.503058	39.987898
116.502971	39.987897
116.502892	39.987902
116.502815	39.987894
116.502745	39.987899
116.502676	39.987887
116.502614	39.987888
116.502575	39.987884
116.502534	39.987875
116.502499	39.987866
116.502472	39.98786
116.502438	39.987856
116.502391	39.987852
116.502339	39.987853
116.502299	39.98784
116.502263	39.987839
116.502227	39.987826
116.50219	39.987819
116.502166	39.987813
116.502137	39.987812
116.502104	39.987814
116.502088	39.987803
116.502068	39.987793
116.502033	39.987779
116.502008	39.987776
116.501985	39.987774
116.501957	39.987772
116.501935	39.987769
116.501874	39.987768
116.501848	39.987775
116.501832	39.98777
116.501799	39.987767
116.501748	39.987777
116.501666	39.987781
116.501631	39.987783
116.501597	39.987786
116.501549	39.987782
116.501498	39.987788
116.501469	39.987789
116.501423	39.987798
116.501394	39.987802
116.501339	39.987821
116.501299	39.987832
116.501259	39.987827
116.501216	39.987828
116.501176	39.987833
116.501136	39.987832
116.50108	39.987837
116.501023	39.98784
116.500972	39.987846
116.500907	39.987848
116.500846	39.987849
116.500765	39.987858
116.500689	39.987859
116.500624	39.987853
116.500558	39.987853
116.500492	39.987855
116.500423	39.987859
116.500352	39.987863
116.500291	39.987858
116.500214	39.987848
116.500142	39.987848
116.500078	39.98785
116.500011	39.987849
116.499948	39.987851
116.499873	39.987851
116.499802	39.987844
116.499738	39.987825
116.499668	39.987818
116.499592	39.987818
116.49952	39.987813
116.499453	39.987814
116.499385	39.987809
116.49929	39.98782
116.499201	39.987821
116.499112	39.987813
116.499018	39.987816
116.498916	39.987821
116.498832	39.987827
116.49875	39.987829
116.498672	39.98784
116.498589	39.987848
116.49853	39.987851
116.498456	39.987846
116.498384	39.987862
116.498308	39.987857
116.49823	39.987861
116.498145	39.987868
116.498063	39.98787
116.497993	39.987876
116.49792	39.987871
116.497848	39.987872
116.497781	39.987874
116.497715	39.987872
116.497638	39.987877
116.497578	39.987881
116.497511	39.987898
116.497447	39.987933
116.497384	39.987968
116.49735	39.988003
116.497309	39.988068
116.497275	39.988139
116.497246	39.988217
116.497231	39.988303
116.49722	39.988377
116.497218	39.988464
116.497207	39.988557
116.497204	39.988647
116.497203	39.988752
116.497206	39.988854
116.497196	39.988961
116.497196	39.989064
116.497188	39.989181
116.497178	39.989285
116.497173	39.989384
116.497174	39.989483
116.497174	39.989591
116.497172	39.989692
116.497167	39.989788
116.497171	39.989893
116.497161	39.989996
116.497151	39.990111
116.497145	39.990217
116.497151	39.990319
116.497145	39.990423
116.497142	39.990527
116.497129	39.990636
116.497114	39.990736
116.497101	39.990834
116.497083	39.990941
116.497036	39.991035
116.496985	39.991129
116.496945	39.991214
116.496884	39.991305
116.496826	39.9914
116.49677	39.9915
116.496723	39.991593
116.496659	39.991673
116.496585	39.991756
116.496493	39.99184
116.496373	39.991906
116.496275	39.991976
116.496187	39.992041
116.496096	39.992106
116.496	39.992166
116.495901	39.992228
116.495799	39.99229
116.495702	39.992352
116.495601	39.992418
116.495493	39.992484
116.495393	39.992553
116.495282	39.992611
116.495192	39.992674
116.495107	39.99273
116.49503	39.992773
116.494968	39.992817
116.494917	39.992851
116.494876	39.992879
116.494853	39.992897
116.494822	39.992918
116.494797	39.992925
116.494779	39.992937
116.494767	39.992941
116.494755	39.992942
116.494746	39.992951
116.494717	39.992958
116.494668	39.992986
116.494624	39.992997
116.494591	39.992993
116.494506	39.992962
116.494456	39.992926
116.494414	39.992894
116.494352	39.99285
116.494297	39.992796
116.494163	39.992675
116.494086	39.992613
116.494024	39.992538
116.49394	39.992464
116.493856	39.99239
116.493671	39.992224
116.493578	39.992129
116.493471	39.992042
116.493362	39.991941
116.493261	39.991843
116.493146	39.99174
116.493038	39.991646
116.492938	39.991549
116.492818	39.991445
116.4927	39.991347
116.492585	39.991231
116.492458	39.991123
116.492336	39.991015
116.492208	39.990909
116.492076	39.990799
116.491948	39.99069
116.491814	39.990581
116.491675	39.990457
116.491537	39.990336
116.491405	39.990216
116.491271	39.990103
116.491143	39.98999
116.491009	39.989873
116.490887	39.989765
116.490765	39.989648
116.490647	39.989553
116.490549	39.989465
116.490441	39.989387
116.490352	39.98931
116.490288	39.989256
116.490224	39.989214
116.49019	39.989162
116.49015	39.989116
116.490126	39.989088
116.490103	39.989061
116.490088	39.989038
116.490078	39.989028
116.490071	39.989011
116.490074	39.988992
116.49005	39.988975
116.490021	39.988948
116.489998	39.988909
116.489974	39.988891
116.489949	39.988864
116.489937	39.988844
116.489897	39.988822
116.489836	39.988769
116.489757	39.98872
116.489694	39.988679
116.489638	39.988661
116.48963	39.988646
116.48957	39.988667
116.489517	39.988691
116.489478	39.988723
116.489446	39.988762
116.489428	39.988801
116.489409	39.988841
116.489428	39.988876
116.489448	39.988917
116.489488	39.988971
116.489529	39.989029
116.489572	39.989099
116.489628	39.989166
116.48969	39.98924
116.489757	39.989309
116.489829	39.989383
116.489905	39.98946
116.489969	39.989551
116.490051	39.989638
116.490142	39.989733
116.490226	39.989838
116.49031	39.989935
116.490384	39.990039
116.490507	39.990152
116.490622	39.990248
116.490729	39.990352
116.490829	39.990456
116.490931	39.99058
116.491102	39.990845
116.491193	39.990977
116.491281	39.991098
116.491384	39.991209
116.491495	39.991313
116.491598	39.991413
116.491704	39.991528
116.49182	39.991633
116.491922	39.991749
116.492025	39.991866
116.492129	39.991977
116.492249	39.99209
116.49236	39.992202
116.492476	39.992319
116.492602	39.992438
116.492736	39.992546
116.492869	39.992645
116.493033	39.992766
116.493172	39.992884
116.493316	39.99299
116.493455	39.993091
116.493577	39.99318
116.493706	39.993273
116.493829	39.993354
116.493945	39.993432
116.494041	39.993488
116.494129	39.993547
116.494195	39.993605
116.494269	39.993649
116.49431	39.993678
116.494356	39.993706
116.494409	39.993749
116.494465	39.9938
116.494519	39.993851
116.494574	39.993895
116.494626	39.993933
116.494687	39.993977
116.494748	39.994033
116.494817	39.994092
116.494881	39.994151
116.494944	39.994209
116.495005	39.994261
116.495062	39.994322
116.49512	39.994374
116.495187	39.994437
116.495269	39.994496
116.495338	39.994564
116.495405	39.994619
116.495467	39.994666
116.495538	39.994719
116.495595	39.994768
116.495657	39.994813
116.495698	39.994861
116.495752	39.994899
116.495796	39.994936
116.495842	39.994978
116.495882	39.995023
116.49593	39.995063
116.495978	39.995098
116.496022	39.995131
116.496057	39.995162
116.4961	39.995198
116.496148	39.99523
116.496196	39.995261
116.49624	39.995304
116.496281	39.995345
116.496341	39.995399
116.496402	39.995454
116.496467	39.995504
116.496521	39.995561
116.496599	39.995611
116.496667	39.995675
116.496754	39.995736
116.496822	39.995807
116.496893	39.995878
116.496976	39.995951
116.49705	39.996022
116.49712	39.996092
116.497179	39.996141
116.497225	39.996182
116.497253	39.99621
116.497287	39.996229
116.497312	39.996257
116.497338	39.996282
116.497374	39.996308
116.497406	39.996345
116.497444	39.996381
116.497505	39.996433
116.497554	39.996481
116.497629	39.996536
116.497697	39.9966
116.497765	39.996654
116.497835	39.996699
116.49791	39.996763
116.497995	39.996834
116.498074	39.9969
116.498147	39.99698
116.498235	39.997056
116.498318	39.997127
116.498408	39.997207
116.498496	39.997298
116.498593	39.997385
116.498696	39.997475
116.498794	39.997577
116.498902	39.997672
116.499009	39.997775
116.499108	39.99787
116.499222	39.997967
116.499337	39.998068
116.499441	39.998158
116.499545	39.998259
116.499644	39.998357
116.499751	39.998458
116.49987	39.998559
116.499977	39.998649
116.500088	39.998741
116.500205	39.998832
116.500317	39.998926
116.500413	39.999022
116.500515	39.999113
116.500616	39.999203
116.500723	39.999301
116.500833	39.999405
116.500942	39.999502
116.501057	39.9996
116.501172	39.999697
116.501274	39.999794
116.501392	39.999898
116.501503	40.000007
116.501621	40.00011
116.501734	40.000212
116.501962	40.000429
116.50207	40.00053
116.50219	40.00063
116.502305	40.000733
116.502512	40.000944
116.502608	40.001044
116.50268	40.001139
116.502755	40.001249
116.502802	40.001358
116.50287	40.001567
116.502863	40.001672
116.502851	40.00179
116.502818	40.001902
116.502767	40.001998
116.502618	40.002191
116.502528	40.002268
116.502424	40.002339
116.502302	40.002395
116.502171	40.002451
116.502034	40.002483
116.501886	40.002503
116.501729	40.002515
116.501574	40.002515
116.501426	40.002506
116.501262	40.002481
116.501104	40.002457
116.500954	40.002425
116.500811	40.002377
116.500659	40.002339
116.500534	40.00229
116.500405	40.002243
116.500269	40.002196
116.500143	40.002152
116.500032	40.002119
116.499904	40.00208
116.499799	40.002064
116.499676	40.002062
116.499551	40.002067
116.499422	40.002085
116.499294	40.002103
116.499156	40.002112
116.499022	40.002135
116.498901	40.002155
116.498786	40.002176
116.498659	40.002201
116.49854	40.002233
116.498433	40.00226
116.498321	40.002288
116.4982	40.002317
116.498095	40.002343
116.497977	40.002374
116.497873	40.002396
116.497748	40.002413
116.497627	40.002448
116.497508	40.002478
116.497368	40.002515
116.497235	40.002553
116.497115	40.002595
116.496986	40.002645
116.496871	40.002696
116.496753	40.002752
116.496646	40.002818
116.496533	40.002886
116.496437	40.002952
116.496348	40.003038
116.496252	40.003125
116.496151	40.003223
116.496051	40.003322
116.495952	40.003424
116.495846	40.003521
116.495747	40.003628
116.495651	40.003725
116.495548	40.003819
116.495452	40.003911
116.495359	40.004013
116.495266	40.004102
116.495181	40.004195
116.495085	40.004288
116.494995	40.004381
116.494912	40.004469
116.494819	40.004574
116.494723	40.004674
116.49463	40.004771
116.494535	40.004873
116.494444	40.004963
116.494348	40.005054
116.494272	40.005134
116.494192	40.005209
116.494119	40.005291
116.494057	40.005357
116.493994	40.00543
116.493928	40.005493
116.493871	40.005564
116.493811	40.005628
116.493744	40.005698
116.493671	40.005768
116.493622	40.005835
116.493545	40.0059
116.493486	40.005978
116.493407	40.006049
116.493326	40.006123
116.493251	40.006201
116.493153	40.006274
116.493074	40.006344
116.492983	40.006423
116.492911	40.006503
116.492825	40.006591
116.492748	40.00667
116.492656	40.006752
116.49258	40.006828
116.492493	40.006906
116.492419	40.006989
116.492352	40.007077
116.492252	40.007171
116.492147	40.007255
116.492074	40.007343
116.491975	40.007421
116.491896	40.007498
116.491822	40.007579
116.491745	40.00766
116.491672	40.00774
116.491605	40.007808
116.491528	40.007883
116.491458	40.007958
116.491387	40.008027
116.491302	40.008098
116.491234	40.008166
116.491156	40.008238
116.491079	40.008311
116.491003	40.008388
116.490923	40.008463
116.490847	40.008537
116.490784	40.008608
116.490716	40.008684
116.490647	40.008752
116.490586	40.008828
116.490511	40.008907
116.490458	40.008979
116.490388	40.009054
116.490324	40.009124
116.490267	40.009196
116.490207	40.009255
116.490127	40.009328
116.490072	40.009403
116.489993	40.009479
116.489932	40.009553
116.48986	40.009626
116.489788	40.009686
116.489719	40.009752
116.489655	40.009829
116.4896	40.009903
116.489471	40.010029
116.489409	40.010096
116.489356	40.010151
116.489302	40.010212
116.489245	40.010275
116.489118	40.010414
116.489047	40.010488
116.488986	40.010555
116.488921	40.010624
116.488856	40.010697
116.488705	40.010833
116.488635	40.010905
116.488573	40.010979
116.488503	40.011039
116.488437	40.011104
116.488305	40.011227
116.488229	40.011297
116.488163	40.011361
116.488081	40.011434
116.488009	40.01151
116.487932	40.011575
116.48785	40.011646
116.487772	40.011721
116.487698	40.011792
116.487609	40.011868
116.48752	40.01194
116.487429	40.01202
116.487325	40.012096
116.487223	40.012175
116.487125	40.012249
116.487013	40.012322
116.486917	40.012406
116.486801	40.01249
116.486682	40.012571
116.486563	40.012648
116.486429	40.012726
116.4863	40.01281
116.486175	40.012881
116.486045	40.012964
116.48591	40.013044
116.485781	40.01312
116.485642	40.013187
116.485519	40.013266
116.485387	40.013336
116.485275	40.013404
116.485148	40.013458
116.485038	40.01352
116.48493	40.013571
116.484825	40.013622
116.484712	40.013672
116.484604	40.013721
116.48451	40.01376
116.484402	40.013813
116.484306	40.013855
116.484206	40.013898
116.484114	40.013937
116.48402	40.013972
116.483931	40.014013
116.483832	40.014045
116.483752	40.014081
116.483667	40.014105
116.483605	40.014129
116.483562	40.014142
116.483529	40.014145
116.483489	40.014154
116.483454	40.014159
116.48342	40.014175
116.483368	40.014193
116.483313	40.014212
116.483241	40.014238
116.483172	40.014266
116.48308	40.014298
116.482997	40.014331
116.482902	40.014363
116.482795	40.014396
116.482688	40.014427
116.482576	40.014463
116.482457	40.014501
116.482339	40.014542
116.482215	40.014578
116.482069	40.014619
116.481933	40.014641
116.481802	40.014671
116.481664	40.014708
116.481535	40.014737
116.481394	40.014772
116.481268	40.014811
116.481154	40.014841
116.481032	40.014867
116.480921	40.014891
116.480826	40.014903
116.480729	40.014925
116.480652	40.014937
116.480578	40.014956
116.480496	40.01497
116.48043	40.014983
116.480352	40.014996
116.48029	40.015017
116.480221	40.015023
116.480134	40.01503
116.480051	40.015046
116.479953	40.015052
116.479848	40.015062
116.479737	40.015078
116.479633	40.015095
116.479526	40.015098
116.47944	40.015114
116.479336	40.015124
116.479224	40.015135
116.479099	40.015148
116.478979	40.015173
116.478842	40.015186
116.478705	40.015195
116.478572	40.01521
116.478437	40.015215
116.478301	40.015219
116.478035	40.01524
116.477915	40.015253
116.477787	40.015262
116.477674	40.015269
116.477543	40.015262
116.477296	40.015251
116.47718	40.015254
116.477034	40.01526
116.476905	40.015265
116.476787	40.015265
116.476671	40.015262
116.47656	40.015258
116.476452	40.015261
116.476353	40.015259
116.476248	40.015258
116.476145	40.015261
116.476042	40.015259
116.475945	40.015266
116.475843	40.015263
116.475726	40.015266
116.47562	40.015265
116.475505	40.01527
116.47539	40.015273
116.475268	40.015273
116.475158	40.01528
116.475034	40.015281
116.474924	40.015278
116.474794	40.015287
116.474672	40.015292
116.474543	40.015289
116.474421	40.015288
116.474294	40.015291
116.47418	40.015295
116.474062	40.015297
116.47393	40.015302
116.473789	40.015302
116.473658	40.01531
116.473531	40.015325
116.473398	40.015341
116.473248	40.015371
116.473083	40.015401
116.472937	40.01544
116.472788	40.015477
116.472641	40.015508
116.472482	40.015547
116.472342	40.015578
116.472182	40.015612
116.472041	40.015639
116.471885	40.015673
116.471731	40.015701
116.471585	40.01573
116.471428	40.015758
116.471264	40.015794
116.471098	40.015817
116.47094	40.015844
116.470776	40.01586
116.470621	40.01587
116.470461	40.015887
116.470295	40.015906
116.470154	40.015918
116.470019	40.015922
116.469897	40.015918
116.469799	40.015925
116.469695	40.01592
116.469616	40.015916
116.469538	40.015918
116.469468	40.015919
116.469403	40.015908
116.469354	40.01591
116.469316	40.015915
116.469281	40.015909
116.469238	40.015913
116.469211	40.015914
116.469175	40.015915
116.469145	40.015915
116.469107	40.015921
116.469076	40.015919
116.469045	40.015913
116.469007	40.015912
116.468974	40.015903
116.468936	40.0159
116.468891	40.015892
116.468854	40.015891
116.468817	40.015899
116.468761	40.0159
116.468702	40.015907
116.468634	40.01591
116.468574	40.015911
116.468521	40.015915
116.468457	40.01591
116.468399	40.015905
116.46836	40.015901
116.468331	40.015902
116.468299	40.015897
116.468276	40.015896
116.468252	40.015895
116.468233	40.015896
116.468219	40.015897
116.468196	40.015894
116.468175	40.015891
116.468148	40.015886
116.46811	40.015878
116.468094	40.01588
116.468067	40.015885
116.468043	40.015887
116.468021	40.015885
116.467986	40.015884
116.467956	40.015885
116.467925	40.015878
116.467885	40.015884
116.46783	40.015886
116.467774	40.015884
116.467709	40.015879
116.467678	40.015883
116.467649	40.015883
116.467632	40.015885
116.467601	40.015881
116.467577	40.015895
116.467553	40.0159
116.467524	40.015902
116.467482	40.015915
116.467441	40.015936
116.467414	40.015963
116.467381	40.016021
116.467368	40.016071
116.46734	40.01614
116.467321	40.016216
116.467303	40.016296
116.467288	40.016394
116.467265	40.016487
116.467262	40.016588
116.467248	40.016678
116.467243	40.016784
116.467233	40.016893
116.467222	40.016998
116.467204	40.017115
116.467197	40.01723
116.467194	40.017351
116.467183	40.017478
116.467157	40.017723
116.467155	40.01785
116.467155	40.018087
116.46715	40.018199
116.467157	40.018316
116.467155	40.018428
116.467147	40.018544
116.467137	40.018754
116.467134	40.018856
116.467137	40.018942
116.467145	40.019018
116.467141	40.019086
116.467137	40.019229
116.467145	40.019298
116.467147	40.019366
116.467139	40.019424
116.467137	40.019481
116.467138	40.019534
116.467145	40.019571
116.467134	40.019587
116.467137	40.019607
116.467142	40.019607
116.467132	40.019605
116.46713	40.019602
116.467137	40.019599
116.467127	40.01961
116.467131	40.019628
116.467122	40.019652
116.467126	40.019684
116.467125	40.019703
116.467118	40.019727
116.467129	40.019768
116.467135	40.019806
116.467135	40.019855
116.467134	40.019899
116.467133	40.019955
116.467119	40.020012
116.467121	40.020085
116.467113	40.020146
116.467109	40.020205
116.467094	40.02026
116.46709	40.020325
116.467067	40.020376
116.46704	40.02042
116.467011	40.020465
116.466989	40.0205
116.466968	40.020521
116.466934	40.02054
116.466889	40.020556
116.466828	40.020561
116.466781	40.020569
116.466718	40.020573
116.466656	40.020585
116.466597	40.0206
116.466526	40.0206
116.466443	40.02061
116.466375	40.020602
116.466299	40.020603
116.466226	40.020605
116.466159	40.020611
116.466097	40.0206
116.466032	40.020601
116.465956	40.020605
116.465882	40.020602
116.46577	40.02061
116.465666	40.020621
116.465576	40.020628
116.465506	40.020624
116.465439	40.020625
116.465379	40.020617
116.465348	40.020604
116.465313	40.020605
116.465283	40.020592
116.465251	40.020587
116.465208	40.020585
116.46516	40.020585
116.465111	40.020582
116.465046	40.020575
116.464982	40.020576
116.464903	40.020578
116.464815	40.020581
116.464716	40.020583
116.464605	40.020586
116.464472	40.020584
116.464341	40.020585
116.464218	40.020587
116.464085	40.020602
116.463946	40.020598
116.463819	40.020604
116.463669	40.02061
116.463521	40.020605
116.463355	40.020601
116.463188	40.020597
116.463027	40.020605
116.462877	40.020592
116.462713	40.020593
116.46256	40.02059
116.462404	40.020589
116.462237	40.020588
116.462088	40.020584
116.461938	40.020579
116.46178	40.020575
116.461624	40.020568
116.461457	40.020571
116.461294	40.020571
116.461119	40.020569
116.460955	40.020555
116.460793	40.020545
116.460634	40.020532
116.460476	40.020533
116.460326	40.020528
116.460179	40.020534
116.460043	40.020538
116.459909	40.02055
116.459787	40.020548
116.459675	40.020553
116.459564	40.020562
116.459481	40.020572
116.459389	40.020581
116.459303	40.020594
116.459204	40.020597
116.459103	40.020609
116.458989	40.020627
116.458879	40.020648
116.45876	40.02067
116.458651	40.020686
116.458547	40.020701
116.458438	40.02072
116.458328	40.020738
116.458207	40.020749
116.458083	40.020768
116.457968	40.020783
116.457841	40.02079
116.457695	40.020792
116.457563	40.02079
116.457429	40.020806
116.4573	40.020817
116.457164	40.020833
116.457042	40.020859
116.456918	40.020872
116.456778	40.020883
116.456659	40.020902
116.456546	40.020905
116.45641	40.020915
116.456265	40.020923
116.456114	40.020939
116.455959	40.020949
116.455817	40.02096
116.455666	40.020975
116.455521	40.02098
116.455385	40.020983
116.455258	40.020988
116.455134	40.020994
116.455026	40.020996
116.454828	40.020978
116.45467	40.02098
116.454596	40.020978
116.454517	40.02098
116.454334	40.020986
116.454238	40.020979
116.45415	40.020981
116.454042	40.020983
116.453941	40.020981
116.453715	40.020985
116.453612	40.020982
116.453519	40.020983
116.45342	40.02098
116.453328	40.020986
116.453242	40.020979
116.453155	40.020987
116.453078	40.020991
116.453009	40.021001
116.452952	40.021003
116.452894	40.021002
116.452847	40.021
116.452808	40.021
116.452784	40.020999
116.452744	40.020991
116.45271	40.020995
116.452684	40.020999
116.452654	40.02099
116.452598	40.020988
116.452562	40.020976
116.452508	40.020966
116.452442	40.020957
116.452383	40.020952
116.452335	40.020955
116.45226	40.02095
116.452196	40.020953
116.452118	40.020952
116.45203	40.020949
116.451927	40.02096
116.451826	40.020963
116.451732	40.020961
116.45164	40.020969
116.451554	40.020971
116.451466	40.020976
116.45137	40.02098
116.451274	40.020992
116.451182	40.020994
116.451083	40.020998
116.450971	40.02101
116.450878	40.021021
116.450763	40.021035
116.45065	40.021039
116.450542	40.021036
116.450429	40.021045
116.450317	40.021052
116.450196	40.021057
116.450071	40.021075
116.44996	40.02108
116.449848	40.021083
116.449743	40.02108
116.449651	40.021085
116.449558	40.021096
116.449473	40.021121
116.449417	40.021139
116.449357	40.021155
116.449301	40.021168
116.449241	40.021175
116.449195	40.021183
116.449151	40.021182
116.449118	40.021186
116.449083	40.021188
116.449059	40.021184
116.449021	40.021179
116.448994	40.021186
116.448965	40.021203
116.448952	40.021222
116.448942	40.021255
116.448925	40.021296
116.448919	40.021359
116.448912	40.021419
116.448905	40.021485
116.448885	40.021546
116.448876	40.021618
116.448861	40.021696
116.448873	40.021772
116.448865	40.021855
116.44886	40.02194
116.448859	40.022039
116.448844	40.022134
116.448834	40.022234
116.448832	40.022337
116.448826	40.022441
116.44882	40.022547
116.448807	40.022657
116.448802	40.022764
116.4488	40.022868
116.448803	40.022974
116.448799	40.023076
116.448794	40.023183
116.44879	40.023272
116.448793	40.023369
116.448797	40.023485
116.448783	40.023606
116.448775	40.023703
116.448761	40.023802
116.448754	40.023908
116.44873	40.024028
116.448715	40.024135
116.448691	40.02425
116.448687	40.024366
116.448669	40.024479
116.448654	40.024596
116.448633	40.024709
116.448623	40.024828
116.448615	40.024943
116.4486	40.025062
116.448577	40.02517
116.448565	40.02528
116.448558	40.025391
116.44855	40.025494
116.448542	40.025611
116.448537	40.025723
116.448549	40.025837
116.448558	40.025951
116.448568	40.026071
116.448556	40.026197
116.448561	40.026318
116.448544	40.026445
116.448539	40.026573
116.448519	40.026711
116.448507	40.026842
116.4485	40.026971
116.448484	40.027097
116.44847	40.027229
116.44846	40.027352
116.448448	40.027472
116.44843	40.027581
116.448425	40.02768
116.448416	40.027782
116.448407	40.02787
116.448412	40.027952
116.4484	40.028024
116.448395	40.028091
116.448403	40.028168
116.448394	40.028246
116.448388	40.028321
116.448375	40.028405
116.448363	40.028484
116.448353	40.028556
116.448347	40.028644
116.448339	40.028738
116.44833	40.028826
116.448305	40.028925
116.44829	40.029019
116.448273	40.029112
116.448264	40.029215
116.448256	40.029316
116.448251	40.029409
116.448242	40.029499
116.448233	40.029597
116.448243	40.029686
116.448248	40.029776
116.448239	40.029942
116.448242	40.03003
116.448243	40.030206
116.448241	40.030283
116.448238	40.03037
116.44824	40.030454
116.448236	40.030543
116.448247	40.03072
116.448236	40.030809
116.448237	40.030897
116.448238	40.030971
116.448226	40.031041
116.448219	40.031187
116.448216	40.031248
116.448219	40.031306
116.44822	40.031367
116.448212	40.031428
116.448208	40.031484
116.448202	40.031539
116.448187	40.031596
116.44819	40.031653
116.448179	40.031713
116.448174	40.031766
116.448168	40.031821
116.448164	40.031878
116.448158	40.031925
116.448163	40.031969
116.448161	40.032007
116.448156	40.032043
116.448157	40.032067
116.448143	40.032073
116.448145	40.032088
116.448141	40.032099
116.44814	40.032106
116.448126	40.032106
116.44813	40.032119
116.448133	40.032125
116.448136	40.03213
116.448131	40.032137
116.448128	40.032147
116.448132	40.032154
116.448123	40.032173
116.448111	40.032183
116.448095	40.032195
116.448082	40.032201
116.448078	40.032208
116.448073	40.03222
116.448057	40.032222
116.448059	40.032229
116.448047	40.032225
116.448031	40.032234
116.448007	40.032237
116.447976	40.032232
116.447926	40.032235
116.447882	40.032235
116.447849	40.032237
116.447804	40.03224
116.447755	40.032237
116.447726	40.032249
116.447696	40.03225
116.447687	40.032257
116.447692	40.032262
116.447681	40.032266
116.447679	40.032265
116.447678	40.032265
116.447678	40.032265
116.447683	40.032265
116.447676	40.032261
116.447674	40.032263
116.447664	40.032263
116.447633	40.032269
116.44761	40.032262
116.447555	40.032262
116.447495	40.032257
116.447426	40.032253
116.447357	40.03226
116.447285	40.032264
116.447192	40.032255
116.447086	40.032255
116.446981	40.032255
116.446866	40.032257
116.446749	40.032259
116.446634	40.032262
116.446503	40.032263
116.446368	40.032277
116.446242	40.03228
116.446101	40.032286
116.445957	40.032291
116.445803	40.032293
116.445649	40.032295
116.445482	40.0323
116.445317	40.032308
116.445142	40.032311
116.444978	40.032311
116.444803	40.032306
116.444639	40.032309
116.444486	40.032312
116.444353	40.03231
116.444223	40.032308
116.444087	40.032311
116.443968	40.032321
116.443848	40.032326
116.443727	40.032334
116.443602	40.032333
116.443475	40.032335
116.443338	40.032342
116.443232	40.032346
116.443112	40.032351
116.44301	40.032352
116.442926	40.032363
116.442834	40.032368
116.442759	40.032375
116.442705	40.032378
116.442657	40.03238
116.442621	40.032388
116.442582	40.032395
116.442557	40.032396
116.44254	40.0324
116.442505	40.032396
116.442503	40.032399
116.442501	40.032402
116.442508	40.0324
116.442495	40.032402
116.442489	40.032398
116.442494	40.032401
116.442493	40.032403
116.442491	40.032405
116.442485	40.032398
116.442459	40.032399
116.442444	40.032402
116.442425	40.032398
116.442399	40.032405
116.442352	40.032403
116.442256	40.032403
116.442205	40.032402
116.442133	40.032415
116.442051	40.032415
116.441972	40.032424
116.44187	40.032439
116.441767	40.032449
116.441648	40.032457
116.44154	40.032461
116.441431	40.032472
116.441324	40.032469
116.4412	40.032479
116.441092	40.032482
116.440982	40.032479
116.440867	40.032479
116.440748	40.032487
116.440625	40.032482
116.440502	40.032485
116.440368	40.032483
116.440244	40.032477
116.440117	40.032477
116.43999	40.032476
116.439875	40.032474
116.439752	40.032472
116.439629	40.032463
116.439524	40.032467
116.439409	40.032466
116.439312	40.032465
116.439203	40.03247
116.439093	40.032468
116.438984	40.032461
116.438887	40.032468
116.438798	40.032471
116.438719	40.032461
116.438639	40.032461
116.438584	40.032457
116.438526	40.032451
116.438471	40.032447
116.438407	40.03245
116.438347	40.032445
116.438293	40.032445
116.43824	40.032454
116.438198	40.032454
116.438152	40.032461
116.438098	40.032459
116.438058	40.03246
116.438022	40.032466
116.437971	40.032457
116.437922	40.032455
116.437865	40.032451
116.43781	40.032453
116.437765	40.032456
116.437701	40.032447
116.437637	40.032445
116.437576	40.032443
116.437501	40.032438
116.437414	40.032437
116.437339	40.032444
116.43727	40.032464
116.437222	40.032504
116.437175	40.032622
116.437146	40.032707
116.437124	40.032791
116.437094	40.03288
116.437069	40.032972
116.437063	40.033069
116.437044	40.033172
116.437034	40.033269
116.437021	40.033366
116.437008	40.033474
116.437	40.033586
116.43701	40.033706
116.43703	40.033833
116.437032	40.033956
116.437055	40.034082
116.43705	40.034202
116.437059	40.03432
116.437064	40.034437
116.437064	40.034548
116.437056	40.034645
116.437049	40.034753
116.437048	40.034846
116.437063	40.034948
116.437069	40.035046
116.437082	40.035159
116.437093	40.035262
116.437107	40.035379
116.437112	40.035491
116.437115	40.035607
116.437118	40.035716
116.437116	40.03583
116.437102	40.035948
116.437082	40.036074
116.437069	40.036195
116.437038	40.036311
116.437009	40.036434
116.436976	40.036547
116.436942	40.036642
116.436893	40.036743
116.43686	40.03683
116.436812	40.036908
116.436721	40.037029
116.436686	40.037079
116.436672	40.037126
116.436646	40.03715
116.43664	40.037174
116.43663	40.037193
116.436623	40.037209
116.436623	40.037219
116.436634	40.037215
116.436633	40.037217
116.436632	40.037226
116.436628	40.037235
116.436612	40.037249
116.436596	40.037269
116.436584	40.03729
116.436568	40.037308
116.436536	40.037328
116.436526	40.037343
116.436495	40.037368
116.436459	40.037394
116.436417	40.037428
116.436375	40.037482
116.436324	40.037537
116.436259	40.037584
116.436191	40.037651
116.436134	40.037709
116.43606	40.037784
116.435985	40.037862
116.435908	40.037944
116.435818	40.038029
116.435724	40.038127
116.435641	40.03822
116.435548	40.038319
116.43545	40.03842
116.435344	40.038516
116.435242	40.038605
116.435135	40.038682
116.435018	40.038759
116.4349	40.038831
116.434788	40.038891
116.434666	40.038937
116.434552	40.038985
116.434428	40.039036
116.434302	40.039092
116.434158	40.03915
116.434015	40.039202
116.433885	40.039258
116.433753	40.039306
116.43362	40.039355
116.43349	40.039395
116.433365	40.039438
116.433228	40.039484
116.43311	40.039532
116.432974	40.039583
116.432836	40.039634
116.432709	40.039698
116.432561	40.039759
116.432415	40.039824
116.432273	40.039882
116.432131	40.039939
116.431999	40.039994
116.431876	40.040047
116.43177	40.040094
116.431666	40.040138
116.431562	40.040181
116.431453	40.040219
116.431345	40.040254
116.43124	40.040269
116.431159	40.040287
116.431101	40.0403
116.431038	40.040316
116.430987	40.040323
116.430943	40.040329
116.430918	40.040347
116.43089	40.040361
116.430886	40.040367
116.430875	40.040382
116.430881	40.040393
116.430876	40.0404
116.430882	40.040401
116.430879	40.040403
116.430862	40.040416
116.430831	40.04043
116.430793	40.040451
116.430734	40.040475
116.430677	40.0405
116.430625	40.040527
116.430554	40.040562
116.430474	40.04058
116.430416	40.040622
116.430331	40.040655
116.430256	40.040678
116.430166	40.040707
116.430098	40.040729
116.430017	40.040752
116.429963	40.040777
116.429902	40.040805
116.429857	40.040827
116.429819	40.040847
116.42978	40.040864
116.429745	40.040884
116.429721	40.040888
116.429707	40.040895
116.429693	40.040907
116.429692	40.040918
116.429682	40.040926
116.429667	40.040927
116.429665	40.040931
116.429656	40.040937
116.429651	40.040931
116.429658	40.040939
116.429654	40.04094
116.429651	40.04094
116.429645	40.040933
116.429647	40.040937
116.429638	40.040948
116.429626	40.040953
116.429603	40.040961
116.429596	40.040962
116.429576	40.04096
116.429567	40.040967
116.429555	40.040978
116.429547	40.040988
116.429553	40.040984
116.429553	40.040985
116.429551	40.040989
116.429541	40.040986
116.429542	40.040988
116.429549	40.040994
116.429545	40.04099
116.429538	40.040994
116.429528	40.040998
116.429515	40.041006
116.429495	40.041005
116.429466	40.041013
116.429448	40.041034
116.429434	40.041037
116.429421	40.041038
116.429414	40.041035
116.429414	40.041039
116.429407	40.041036
116.429409	40.041028
116.429409	40.041022
116.429405	40.041013
116.429409	40.041018
116.429414	40.04103
116.429421	40.041036
116.429432	40.041034
116.429429	40.041021
116.429441	40.041019
116.42944	40.041006
116.429433	40.041004
116.429441	40.04101
116.429435	40.041015
116.429438	40.041013
116.429446	40.041016
116.429437	40.041018
116.429444	40.041003
116.429438	40.041009
116.429446	40.041006
116.429441	40.041005
116.429451	40.040996
116.429449	40.041004
116.429459	40.040999
116.429459	40.040998
116.429457	40.040995
116.429456	40.040992
116.429464	40.040995
116.429457	40.040992
116.429456	40.040995
116.429433	40.040991
116.42942	40.041002
116.429406	40.041012
116.429402	40.041019
116.429392	40.041021
116.429391	40.041021
116.429384	40.041032
116.429369	40.041037
116.429348	40.041045
116.429333	40.041051
116.4293	40.041055
116.429279	40.041063
116.429253	40.041072
116.42923	40.041084
116.429217	40.041091
116.429201	40.041104
116.429191	40.041111
116.429181	40.041114
116.429168	40.041112
116.429155	40.041122
116.42916	40.041121
116.429159	40.041123
116.429153	40.041119
116.42915	40.041121
116.429149	40.041126
116.429157	40.041127
116.429147	40.04113
116.42913	40.041134
116.429109	40.041124
116.429084	40.041128
116.42907	40.041128
116.429052	40.041131
116.429043	40.041134
116.429038	40.041131
116.429046	40.041138
116.429042	40.041136
116.429035	40.041133
116.429042	40.041139
116.429041	40.041136
116.429039	40.041139
116.42904	40.041136
116.429043	40.041138
116.429035	40.041133
116.429041	40.041135
116.429031	40.041132
116.429031	40.041138
116.429023	40.041148
116.429027	40.041155
116.429029	40.041189
116.429018	40.041191
116.429007	40.041185
116.428988	40.04119
116.428971	40.041198
116.428945	40.041205
116.42893	40.041223
116.428891	40.041243
116.428851	40.041281
116.428826	40.04132
116.428792	40.041338
116.428743	40.041367
116.428711	40.041387
116.428677	40.041413
116.428639	40.041426
116.428593	40.04144
116.428541	40.041445
116.428485	40.041464
116.42842	40.041488
116.428371	40.041493
116.428301	40.041492
116.428239	40.0415
116.428185	40.04151
116.428154	40.041509
116.428118	40.041513
116.428077	40.041506
116.428053	40.041501
116.428024	40.041509
116.427997	40.041511
116.427964	40.041527
116.427926	40.041544
116.427887	40.041552
116.427851	40.041549
116.427816	40.041543
116.427798	40.041546
116.427785	40.041547
116.42779	40.041535
116.427799	40.041525
116.427807	40.041517
116.427799	40.041504
116.42781	40.041482
116.427826	40.041468
116.427811	40.041474
116.427793	40.041481
116.427785	40.041494
116.427783	40.041494
116.427794	40.04148
116.427783	40.041473
116.427782	40.041475
116.427765	40.041479
116.427764	40.041473
116.427751	40.041469
116.427732	40.04147
116.427731	40.041474
116.427713	40.041491
116.427687	40.041512
116.427671	40.041507
116.427664	40.041499
116.427654	40.041493
116.427644	40.041495
116.427621	40.041503
116.427607	40.041498
116.427595	40.0415
116.427582	40.041504
116.427566	40.041501
116.427553	40.041508
116.427527	40.041491
116.427528	40.041498
116.427515	40.041506
116.427491	40.041512
116.427467	40.041516
116.42745	40.041513
116.427422	40.041524
116.427367	40.041525
116.42731	40.041541
116.42726	40.041541
116.427205	40.041535
116.427132	40.041543
116.427059	40.041554
116.426988	40.041554
116.426936	40.041546
116.426873	40.041556
116.42681	40.041557
116.426761	40.041543
116.426711	40.041507
116.426666	40.041489
116.426618	40.041487
116.426573	40.041473
116.426545	40.041462
116.426524	40.041444
116.426494	40.041428
116.426491	40.04139
116.426481	40.041341
116.42648	40.041311
116.426462	40.041301
116.426425	40.04132
116.426399	40.041339
116.426367	40.041359
116.426334	40.04137
116.426306	40.041387
116.426285	40.041392
116.42626	40.041393
116.426246	40.041386
116.42623	40.041374
116.426196	40.041362
116.426176	40.041364
116.426146	40.041364
116.426137	40.041353
116.426132	40.041345
116.426109	40.041344
116.426098	40.041358
116.426053	40.041359
116.426064	40.041362
116.426054	40.041355
116.426061	40.041354
116.426035	40.041357
116.426005	40.041356
116.425968	40.04136
116.425944	40.041354
116.425922	40.041353
116.425884	40.041337
116.425847	40.041339
116.425831	40.041323
116.425812	40.041324
116.425804	40.041314
116.42579	40.041307
116.42578	40.041299
116.425772	40.041288
116.425771	40.041285
116.42577	40.041274
116.425743	40.041256
116.425734	40.041258
116.425725	40.041256
116.425725	40.041254
116.425718	40.041251
116.425725	40.041254
116.425707	40.041245
116.425703	40.041243
116.425697	40.041246
116.425693	40.041241
116.42569	40.041243
116.425675	40.041236
116.425659	40.041223
116.425624	40.041219
116.425592	40.04122
116.425563	40.041226
116.425524	40.041227
116.425494	40.041222
116.425478	40.041224
116.425465	40.041238
116.425457	40.041244
116.425431	40.041247
116.425413	40.041262
116.425394	40.041266
116.425358	40.041273
116.425318	40.041275
116.42529	40.041278
116.425254	40.041281
116.425234	40.041292
116.425221	40.041299
116.425213	40.041303
116.425199	40.041303
116.425201	40.041294
116.425209	40.041299
116.425198	40.041292
116.425181	40.041283
116.425168	40.041271
116.425155	40.041266
116.425137	40.04126
116.425137	40.041268
116.425146	40.041261
116.42516	40.041246
116.425169	40.041236
116.425167	40.041242
116.425144	40.04125
116.425127	40.041265
116.425112	40.041263
116.425101	40.041258
116.425102	40.041249
116.425104	40.041259
116.425126	40.041243
116.425127	40.041239
116.425136	40.041241
116.425132	40.041237
116.425129	40.041238
116.425138	40.04124
116.42514	40.041232
116.425129	40.041241
116.425131	40.041236
116.425131	40.041237
116.425128	40.041241
116.425134	40.041239
116.425123	40.041238
116.425108	40.041243
116.425087	40.041244
116.425071	40.041245
116.425037	40.04125
116.425009	40.041241
116.425006	40.041232
116.424993	40.041235
116.424982	40.041232
116.424972	40.041227
116.424961	40.041226
116.424946	40.041226
116.424936	40.04122
116.424929	40.041216
116.424934	40.041219
116.42493	40.041221
116.424928	40.041223
116.42493	40.041223
116.424925	40.04122
116.424929	40.041218
116.424932	40.041225
116.424931	40.04122
116.424931	40.04122
116.424932	40.041218
116.42492	40.041219
116.424925	40.041221
116.424919	40.041219
116.424907	40.041225
116.424907	40.041226
116.424911	40.041224
116.4249	40.041225
116.42489	40.041212
116.424885	40.041217
116.424879	40.041224
116.424877	40.041231
116.424867	40.041241
116.424863	40.041241
116.424849	40.041243
116.424842	40.04125
116.424843	40.041265
116.424845	40.041271
116.42484	40.041277
116.424847	40.041268
116.424844	40.04127
116.424838	40.041274
116.424833	40.041266
116.424834	40.041269
116.424846	40.041267
116.424838	40.04127
116.424845	40.041284
116.424842	40.041294
116.424844	40.041308
116.424835	40.041327
116.424836	40.041341
116.424839	40.04135
116.424839	40.041367
116.424849	40.041373
116.424848	40.041386
116.424839	40.041396
116.424847	40.041414
116.424857	40.041436
116.424852	40.041439
116.424858	40.041448
116.42486	40.041454
116.424861	40.041447
116.424836	40.041446
116.424819	40.041447
116.424794	40.041438
116.424735	40.041433
116.424683	40.041436
116.424641	40.041428
116.424599	40.041427
116.424567	40.041419
116.42454	40.04141
116.424517	40.041394
116.4245	40.041382
116.424473	40.041375
116.424437	40.04136
116.424412	40.041351
116.4244	40.041338
116.424383	40.041339
116.424363	40.041343
116.424342	40.041338
116.424337	40.04134
116.424321	40.041328
116.4243	40.041318
116.424288	40.041318
116.424248	40.041319
116.424249	40.041314
116.424234	40.041316
116.424239	40.041315
116.424222	40.041306
116.424214	40.041309
116.424202	40.041306
116.424194	40.041306
116.424186	40.041306
116.424189	40.041296
116.424176	40.041299
116.424173	40.041301
116.424173	40.041294
116.424168	40.041292
116.424161	40.041293
116.424157	40.041295
116.424153	40.041294
116.424129	40.041292
116.424103	40.041302
116.424084	40.041304
116.424071	40.041302
116.424042	40.041318
116.424037	40.041311
116.424023	40.041301
116.423997	40.041296
116.423976	40.041293
116.423945	40.041275
116.423938	40.041279
116.423928	40.041277
116.42392	40.041282
116.423916	40.041281
116.42391	40.041284
116.423924	40.041278
116.423915	40.041283
116.423926	40.041276
116.423921	40.041277
116.423923	40.041281
116.423934	40.041281
116.423927	40.041281
116.423923	40.041283
116.423923	40.041277
116.423911	40.041275
116.423897	40.041257
116.423896	40.041251
116.423891	40.041241
116.423875	40.041224
116.42386	40.041214
116.423852	40.041216
116.423835	40.041224
116.423813	40.041233
116.423739	40.041224
116.423694	40.041217
116.423651	40.041193
116.423596	40.041172
116.423527	40.041143
116.423384	40.04113
116.423314	40.041127
116.42325	40.04113
116.423184	40.04113
116.423129	40.041136
116.423075	40.041131
116.423032	40.041127
116.422978	40.04113
116.422917	40.041123
116.422859	40.041106
116.422804	40.041085
116.422756	40.041066
116.422708	40.041037
116.422674	40.041023
116.422606	40.040991
116.422532	40.040957
116.422459	40.040931
116.422372	40.040907
116.422256	40.040921
116.422128	40.040938
116.421994	40.040957
116.421851	40.040965
116.421701	40.040959
116.421545	40.040945
116.421383	40.040926
116.421225	40.040921
116.421059	40.040923
116.420891	40.040922
116.420719	40.04091
116.420546	40.040905
116.420393	40.040895
116.420234	40.040899
116.420039	40.040929
116.419867	40.040924
116.419714	40.040926
116.419559	40.040929
116.419424	40.040928
116.41927	40.040948
116.419153	40.040943
116.418985	40.040969
116.418829	40.040981
116.418684	40.040988
116.418556	40.040998
116.418432	40.041005
116.418305	40.041011
116.418178	40.041013
116.41806	40.041015
116.41795	40.041001
116.417841	40.040981
116.417735	40.040959
116.417625	40.040932
116.417527	40.040927
116.417421	40.040917
116.417319	40.040899
116.417211	40.040892
116.417125	40.040879
116.417021	40.040873
116.416942	40.040861
116.416845	40.04086
116.416754	40.040859
116.416677	40.040861
116.416616	40.040829
116.416556	40.040802
116.416488	40.040781
116.416432	40.040769
116.416375	40.040747
116.416337	40.040716
116.416295	40.040692
116.416253	40.040656
116.416225	40.040613
116.416187	40.040567
116.416138	40.040511
116.416086	40.04048
116.416015	40.040439
116.415964	40.040402
116.415917	40.040374
116.41588	40.040354
116.415844	40.040333
116.415813	40.040344
116.415775	40.040372
116.415724	40.040405
116.415655	40.040476
116.4156	40.040563
116.415532	40.040656
116.415472	40.040752
116.415376	40.040869
116.415312	40.040965
116.415236	40.041062
116.415153	40.041165
116.415081	40.041261
116.415008	40.041366
116.414927	40.041473
116.414856	40.041595
116.414791	40.041724
116.414714	40.04184
116.414641	40.041957
116.414555	40.042068
116.414477	40.042164
116.414412	40.042259
116.414341	40.042333
116.414289	40.042397
116.414261	40.042456
116.414238	40.042514
116.41421	40.042569
116.414179	40.042624
116.414145	40.042683
116.414119	40.042737
116.41409	40.042781
116.414054	40.042817
116.414023	40.042843
116.413998	40.042862
116.413968	40.042881
116.413957	40.042901
116.413935	40.042919
116.413922	40.042921
116.41391	40.042926
116.413898	40.042943
116.413887	40.042957
116.41389	40.042984
116.413884	40.043008
116.413863	40.04303
116.41387	40.043063
116.413868	40.043108
116.413885	40.043153
116.413887	40.0432
116.413884	40.043254
116.41388	40.0433
116.413874	40.043373
116.413874	40.043446
116.413888	40.043524
116.413892	40.043585
116.413894	40.043671
116.413907	40.043755
116.413916	40.043833
116.41391	40.043888
116.4139	40.043946
116.413887	40.04399
116.41387	40.044046
116.413845	40.044106
116.413824	40.044166
116.413788	40.044252
116.413756	40.044277
116.413674	40.044332
116.413634	40.044371
116.413599	40.04441
116.413557	40.04446
116.413521	40.044496
116.413469	40.044575
116.413447	40.044625
116.41343	40.044676
116.41341	40.044724
116.413398	40.044768
116.413359	40.044804
116.413325	40.044845
116.41329	40.044877
116.413263	40.04491
116.413242	40.044933
116.413215	40.044959
116.413176	40.044986
116.413148	40.045003
116.413127	40.045013
116.413095	40.045031
116.413067	40.045039
116.41304	40.04504
116.413008	40.045054
116.412987	40.045077
116.412945	40.045112
116.412903	40.045156
116.412868	40.0452
116.412817	40.045235
116.412774	40.045271
116.412731	40.045299
116.412678	40.045333
116.412623	40.045375
116.41258	40.045421
116.41253	40.045459
116.412493	40.045498
116.412451	40.045531
116.412424	40.045572
116.412388	40.045601
116.412345	40.045635
116.412325	40.045669
116.412303	40.045694
116.412286	40.04572
116.412272	40.045736
116.412264	40.045758
116.412256	40.045771
116.412258	40.045788
116.412247	40.045797
116.412237	40.04581
116.412232	40.045826
116.412225	40.045831
116.412214	40.045832
116.412214	40.045852
116.41221	40.04587
116.412204	40.045891
116.412195	40.045901
116.41219	40.045922
116.412176	40.045939
116.412186	40.045944
116.412171	40.045947
116.412162	40.045942
116.412161	40.04595
116.412164	40.04595
116.412163	40.045949
116.412161	40.045954
116.412163	40.045952
116.412158	40.045956
116.412169	40.045951
116.412159	40.045949
116.41216	40.045953
116.412158	40.045957
116.412167	40.045962
116.412164	40.045961
116.412157	40.045959
116.412158	40.045969
116.412163	40.045968
116.412155	40.045971
116.412156	40.045966
116.412154	40.045969
116.412158	40.045975
116.41216	40.045976
116.412162	40.045976
116.412152	40.045977
116.412158	40.045983
116.412161	40.045982
116.412152	40.045986
116.412151	40.045993
116.41215	40.045992
116.41216	40.045987
116.412157	40.045993
116.412155	40.045995
116.41215	40.045997
116.412158	40.045996
116.41215	40.045997
116.412151	40.046
116.412148	40.045993
116.412148	40.045998
116.412156	40.046
116.41215	40.046005
116.412147	40.046001
116.412147	40.046006
116.41215	40.046026
116.412148	40.046031
116.412137	40.04605
116.412139	40.046066
116.41212	40.046076
116.412084	40.046107
116.412058	40.04613
116.41204	40.046153
116.412038	40.046175
116.412035	40.046211
116.412028	40.046283
116.41202	40.046322
116.412004	40.046361
116.411994	40.046417
116.411993	40.046477
116.411985	40.04654
116.411964	40.046614
116.411955	40.046686
116.411945	40.046768
116.411938	40.046842
116.411924	40.046925
116.411928	40.047009
116.411934	40.047083
116.411937	40.047166
116.41194	40.047255
116.411944	40.047328
116.411943	40.04741
116.411947	40.047491
116.411951	40.047578
116.411959	40.047661
116.411972	40.047737
116.411983	40.047816
116.41199	40.047885
116.412005	40.047965
116.412008	40.048038
116.412001	40.048113
116.411998	40.048187
116.411994	40.048242
116.412005	40.048299
116.412	40.048348
116.411995	40.048404
116.412008	40.048447
116.412003	40.048484
116.412007	40.048501
116.412019	40.048516
116.412022	40.04853
116.412032	40.048534
116.412023	40.048545
116.412025	40.048577
116.412027	40.048589
116.41203	40.048587
116.412026	40.048657
116.412017	40.048658
116.412024	40.048669
116.412036	40.048675
116.412038	40.04869
116.412041	40.048711
116.412031	40.04873
116.412031	40.048751
116.412038	40.048778
116.412043	40.048803
116.412027	40.048832
116.412022	40.048864
116.412006	40.048897
116.411998	40.048937
116.411985	40.048993
116.411975	40.04906
116.411963	40.049124
116.411948	40.049196
116.41193	40.049266
116.411928	40.049341
116.411915	40.049417
116.41189	40.049506
116.411873	40.049587
116.41186	40.049677
116.411839	40.04978
116.411827	40.04988
116.411797	40.049986
116.41178	40.050096
116.411776	40.050208
116.411762	40.050326
116.411754	40.050451
116.411761	40.050565
116.411777	40.050698
116.411803	40.050816
116.411825	40.050937
116.411847	40.051055
116.411881	40.051168
116.411908	40.051267
116.411956	40.051371
116.412008	40.051459
116.412053	40.051548
116.412117	40.051651
116.412183	40.051751
116.412252	40.051852
116.412312	40.051943
116.412374	40.052045
116.412428	40.052134
116.412498	40.05223
116.412558	40.052307
116.412613	40.052383
116.412668	40.052457
116.412737	40.052541
116.412796	40.052619
116.412866	40.052696
116.412938	40.052776
116.413005	40.05285
116.413055	40.052919
116.413092	40.052984
116.413129	40.053046
116.413149	40.053095
116.413204	40.053159
116.41325	40.053225
116.413303	40.053299
116.413366	40.053375
116.413421	40.053442
116.41347	40.053528
116.413533	40.053606
116.413581	40.053695
116.413631	40.05379
116.413691	40.053895
116.413747	40.053994
116.413792	40.054101
116.413825	40.054213
116.413878	40.054325
116.41391	40.054448
116.413949	40.05458
116.413989	40.054709
116.414065	40.05498
116.41411	40.055266
116.414128	40.055407
116.414134	40.055554
116.414144	40.055708
116.414134	40.055845
116.41412	40.056085
116.414104	40.05619
116.414111	40.056289
116.4141	40.056379
116.414106	40.056465
116.414104	40.056591
116.414113	40.056637
116.414114	40.056669
116.414121	40.0567
116.414123	40.05672
116.414132	40.056731
116.414143	40.056742
116.414138	40.056763
116.414136	40.05677
116.414148	40.056777
116.414146	40.056784
116.414152	40.056789
116.414147	40.056796
116.414149	40.056803
116.41415	40.056828
116.41415	40.056846
116.41413	40.056883
116.414126	40.056927
116.41413	40.056978
116.414117	40.057039
116.414117	40.057108
116.414115	40.057177
116.414107	40.057244
116.414107	40.0573
116.414099	40.057358
116.414094	40.057416
116.41407	40.057464
116.414066	40.057514
116.414068	40.057569
116.414075	40.057618
116.414076	40.057678
116.414077	40.057727
116.414071	40.057785
116.41407	40.057842
116.414061	40.057899
116.414051	40.057942
116.414041	40.057994
116.414027	40.058039
116.414034	40.058083
116.414028	40.058126
116.414026	40.058175
116.41402	40.058216
116.414022	40.058267
116.414009	40.058318
116.413997	40.058367
116.413981	40.058412
116.413983	40.058446
116.413988	40.058474
116.413986	40.058508
116.41398	40.058545
116.413962	40.058579
116.413955	40.058616
116.413961	40.058649
116.413962	40.058685
116.413952	40.058729
116.413958	40.05878
116.413956	40.058837
116.413957	40.058879
116.413949	40.058928
116.413946	40.058981
116.413942	40.059019
116.413926	40.059058
116.413918	40.059111
116.413914	40.059154
116.413902	40.059208
116.413897	40.059254
116.413897	40.059297
116.413892	40.059333
116.413893	40.059367
116.413891	40.059405
116.413887	40.05944
116.413886	40.059479
116.413884	40.059512
116.413879	40.059542
116.413879	40.059565
116.413873	40.059578
116.41388	40.059598
116.413874	40.059596
116.413885	40.059599
116.413876	40.059589
116.413877	40.059594
116.413885	40.059591
116.413874	40.059597
116.413881	40.059615
116.413884	40.059635
116.413881	40.059648
116.41388	40.059676
116.413877	40.059692
116.413882	40.059711
116.413875	40.059739
116.413874	40.059762
116.413872	40.059782
116.413862	40.059816
116.413855	40.059847
116.413862	40.059885
116.413864	40.059919
116.413866	40.059955
116.413858	40.059981
116.413861	40.060017
116.413869	40.060048
116.413867	40.060091
116.413862	40.06014
116.413849	40.060188
116.413844	40.060242
116.413845	40.060307
116.413843	40.060364
116.413832	40.060416
116.413837	40.060461
116.413825	40.060507
116.413827	40.060553
116.413825	40.0606
116.413815	40.060658
116.413806	40.060709
116.413798	40.06077
116.41379	40.060843
116.413791	40.060923
116.413792	40.061
116.413773	40.061091
116.41377	40.061176
116.413767	40.061276
116.41375	40.061383
116.41374	40.061484
116.413725	40.061593
116.41372	40.061701
116.41372	40.061806
116.413712	40.061912
116.413714	40.062018
116.413712	40.062112
116.413703	40.062219
116.413701	40.062317
116.413698	40.062419
116.413685	40.062515
116.413678	40.062613
116.413648	40.062806
116.41362	40.063009
116.413619	40.063107
116.413608	40.063212
116.413595	40.063322
116.413578	40.063434
116.413558	40.063668
116.41355	40.063784
116.413534	40.063892
116.413531	40.064013
116.413529	40.064122
116.413519	40.064327
116.413507	40.064417
116.41351	40.064509
116.413497	40.064592
116.413487	40.064676
116.413484	40.064767
116.413485	40.064847
116.413486	40.064924
116.413478	40.065006
116.413472	40.065091
116.413459	40.065169
116.413465	40.06525
116.413449	40.065322
116.413436	40.065402
116.413439	40.065486
116.413436	40.065565
116.413415	40.065661
116.413409	40.065743
116.413398	40.065826
116.413389	40.065908
116.413386	40.066001
116.413381	40.066077
116.413374	40.066161
116.413365	40.066246
116.413372	40.066316
116.413353	40.066386
116.413345	40.066472
116.413345	40.066557
116.413352	40.066641
116.413347	40.066735
116.413337	40.066821
116.41334	40.066906
116.41333	40.066999
116.413322	40.067082
116.413315	40.067171
116.413306	40.067252
116.413301	40.067328
116.413296	40.067404
116.413258	40.067456
116.413241	40.067507
116.413233	40.067565
116.413229	40.067626
116.413231	40.067684
116.41323	40.067739
116.413227	40.06778
116.413224	40.067811
116.413228	40.067841
116.413223	40.067877
116.413215	40.067894
116.413217	40.067919
116.413207	40.067955
116.413203	40.067984
116.413189	40.067996
116.413186	40.068
116.413181	40.068013
116.413185	40.068022
116.413168	40.068045
116.413166	40.068071
116.413168	40.068096
116.413151	40.068124
116.413149	40.068157
116.413143	40.068192
116.413134	40.068228
116.413128	40.068258
116.413115	40.068295
116.413111	40.068327
116.413104	40.06836
116.413105	40.068389
116.413111	40.068426
116.413114	40.068462
116.413111	40.068509
116.413109	40.068552
116.413104	40.068608
116.413101	40.068665
116.413092	40.068724
116.413078	40.068776
116.41306	40.06884
116.413037	40.068899
116.413034	40.068961
116.41302	40.069029
116.413021	40.069109
116.413012	40.069185
116.413016	40.069267
116.413008	40.069348
116.412997	40.069434
116.412978	40.069524
116.412972	40.069609
116.412973	40.069692
116.412973	40.069779
116.41297	40.069865
116.412953	40.06994
116.412941	40.070019
116.412951	40.070104
116.412948	40.070187
116.412934	40.070259
116.412939	40.07033
116.412945	40.070413
116.412942	40.070486
116.412923	40.07057
116.412923	40.07066
116.412919	40.070742
116.412905	40.070829
116.412906	40.070921
116.412918	40.071002
116.412922	40.071087
116.412929	40.071165
116.412928	40.071253
116.412919	40.071337
116.412917	40.071424
116.412919	40.071515
116.412918	40.071601
116.412918	40.071696
116.412913	40.071788
116.412901	40.07189
116.412903	40.071995
116.412899	40.072095
116.412912	40.072207
116.412909	40.072309
116.412897	40.072423
116.412903	40.072541
116.412898	40.072659
116.412909	40.072771
116.412929	40.072893
116.412934	40.073011
116.412957	40.073118
116.412963	40.073228
116.412976	40.073341
116.412995	40.07345
116.413014	40.07355
116.413032	40.073662
116.413045	40.073761
116.413069	40.073858
116.413086	40.073961
116.413105	40.074057
116.413129	40.074144
116.41314	40.074232
116.413151	40.074316
116.413166	40.074389
116.413186	40.074453
116.413189	40.074499
116.413181	40.074545
116.413177	40.074585
116.413178	40.074613
116.413162	40.074655
116.413177	40.074695
116.41321	40.074794
116.413209	40.074844
116.413214	40.074902
116.413255	40.075043
116.413271	40.075109
116.41329	40.075183
116.413312	40.07526
116.41331	40.07532
116.413312	40.075443
116.413321	40.075502
116.413332	40.07557
116.413354	40.07565
116.413377	40.075726
116.413394	40.075876
116.413412	40.075965
116.413441	40.076048
116.413459	40.076131
116.413467	40.076219
116.413488	40.076305
116.413487	40.076397
116.413493	40.076476
116.413508	40.076555
116.413524	40.076647
116.413537	40.076734
116.413543	40.07681
116.413551	40.076896
116.413564	40.076975
116.41356	40.07706
116.413575	40.077154
116.413597	40.077258
116.413639	40.077369
116.413658	40.07748
116.413687	40.077579
116.413697	40.077682
116.413706	40.077784
116.413708	40.077872
116.413727	40.077955
116.413745	40.078031
116.413756	40.078108
116.413753	40.078178
116.413757	40.078241
116.413757	40.078293
116.413766	40.07835
116.413768	40.078403
116.413781	40.078449
116.413787	40.078491
116.413783	40.07853
116.41379	40.078576
116.413798	40.078618
116.413806	40.078661
116.413813	40.078694
116.413822	40.078732
116.413818	40.078771
116.413836	40.078803
116.413837	40.078836
116.41384	40.078865
116.413861	40.078902
116.413861	40.078929
116.413864	40.078952
116.413896	40.078961
116.413898	40.078958
116.413902	40.07896
116.413901	40.07896
116.413903	40.078956
116.413906	40.078957
116.413896	40.078948
116.413895	40.078949
116.413905	40.078949
116.413902	40.078953
116.413906	40.078943
116.413904	40.078949
116.413897	40.078949
116.413902	40.078948
116.413895	40.07895
116.413902	40.078948
116.413895	40.078947
116.413902	40.078948
116.4139	40.078947
116.413904	40.078946
116.413903	40.078952
116.413901	40.078949
116.413905	40.078951
116.413896	40.078952
116.413906	40.078952
116.413906	40.078955
116.413909	40.078962
116.413909	40.078959
116.413906	40.078963
116.413901	40.078958
116.413909	40.078955
116.4139	40.078961
116.413909	40.078963
116.4139	40.078966
116.413901	40.078966
116.413909	40.078974
116.413912	40.078976
116.413911	40.078979
116.413904	40.078977
116.41391	40.078988
116.41391	40.079009
116.413923	40.079048
116.413928	40.079083
116.41394	40.079125
116.413964	40.079217
116.413974	40.079257
116.413978	40.079292
116.413972	40.079334
116.413969	40.07937
116.413957	40.079407
116.413932	40.079433
116.413907	40.079456
116.413891	40.079478
116.413854	40.079485
116.413826	40.079501
116.413789	40.079511
116.413759	40.079516
116.413741	40.079512
116.413695	40.079502
116.413651	40.079496
116.413612	40.079497
116.413568	40.079496
116.413508	40.079493
116.413446	40.079486
116.413378	40.079482
116.413309	40.079482
116.413234	40.07949
116.41315	40.079492
116.413066	40.079493
116.412972	40.079489
116.412871	40.079486
116.412785	40.079492
116.412687	40.079508
116.412598	40.079513
116.412502	40.079511
116.412402	40.07951
116.412304	40.079508
116.412219	40.079511
116.412134	40.07951
116.41204	40.079503
116.411974	40.079498
116.41188	40.079491
116.411796	40.079482
116.41171	40.079475
116.411626	40.079475
116.411542	40.079466
116.411449	40.079473
116.411359	40.079472
116.41128	40.079474
116.411195	40.079462
116.411113	40.07946
116.411038	40.079447
116.410961	40.079447
116.410884	40.07944
116.410808	40.079441
116.410738	40.079432
116.41067	40.079425
116.410602	40.079419
116.410549	40.079404
116.410494	40.079396
116.410426	40.079375
116.41035	40.079374
116.410286	40.079367
116.410227	40.07935
116.410151	40.079342
116.410093	40.079327
116.410037	40.079308
116.40998	40.079288
116.409932	40.079272
116.40989	40.079266
116.409823	40.079251
116.409772	40.079239
116.409698	40.079226
116.409612	40.079203
116.409515	40.079195
116.409418	40.079187
116.409312	40.079172
116.409204	40.079173
116.409111	40.07917
116.409031	40.079167
116.408952	40.079162
116.408889	40.079169
116.408833	40.079178
116.408756	40.079185
116.408668	40.079193
116.408591	40.079202
116.408486	40.079221
116.408375	40.079234
116.408262	40.079243
116.408158	40.079263
116.408046	40.079273
116.40792	40.079278
116.407792	40.079296
116.407679	40.079297
116.407568	40.079296
116.40745	40.079308
116.407324	40.079335
116.407198	40.079348
116.407077	40.079367
116.406968	40.079377
116.406847	40.079398
116.406723	40.079423
116.406587	40.079444
116.406458	40.079472
116.406309	40.07951
116.406163	40.079541
116.406014	40.079576
116.405879	40.079607
116.405736	40.079632
116.405599	40.079682
116.405465	40.079717
116.40534	40.079741
116.405213	40.079764
116.405088	40.079789
116.404991	40.079819
116.404902	40.07986
116.40484	40.079885
116.404788	40.079896
116.404747	40.079911
116.404702	40.079925
116.404685	40.079942
116.40465	40.079956
116.404617	40.07997
116.404588	40.079986
116.404545	40.079995
116.404505	40.08001
116.404473	40.080019
116.404436	40.080033
116.404398	40.080059
116.404358	40.080083
116.404327	40.080098
116.404298	40.080104
116.404261	40.080115
116.404217	40.080124
116.404171	40.080139
116.40412	40.080153
116.404075	40.080165
116.404032	40.080168
116.403972	40.080179
116.403915	40.080187
116.403847	40.080183
116.403736	40.080206
116.403665	40.080216
116.403605	40.080223
116.403536	40.080234
116.403469	40.080235
116.403318	40.080227
116.403252	40.080222
116.403173	40.080214
116.403107	40.080212
116.403043	40.080202
116.40292	40.080194
116.402846	40.080188
116.402782	40.080178
116.402711	40.080162
116.402627	40.080154
116.40253	40.080139
116.402447	40.080138
116.402368	40.080139
116.402285	40.080137
116.402195	40.080139
116.402126	40.080129
116.402035	40.080117
116.401958	40.080095
116.401861	40.080084
116.40177	40.08007
116.401691	40.080059
116.401602	40.080048
116.401498	40.080045
116.401399	40.080032
116.401315	40.080027
116.40124	40.080017
116.401192	40.080005
116.401143	40.079999
116.401096	40.079988
116.401058	40.079977
116.400997	40.079969
116.400939	40.079952
116.400891	40.079953
116.400818	40.07994
116.400747	40.079923
116.400661	40.079921
116.400577	40.079913
116.400503	40.079894
116.400446	40.079887
116.400397	40.079881
116.400351	40.079862
116.400302	40.079858
116.400278	40.07985
116.400248	40.079843
116.400229	40.079843
116.400196	40.079848
116.400162	40.079844
116.400119	40.079835
116.400066	40.07983
116.400022	40.079817
116.399965	40.079811
116.399892	40.079799
116.399822	40.079788
116.399746	40.079779
116.399645	40.07976
116.399551	40.079747
116.39945	40.079732
116.399348	40.07972
116.399251	40.079705
116.399128	40.079686
116.39901	40.079668
116.398905	40.07965
116.398796	40.07964
116.398678	40.079631
116.398575	40.079613
116.398474	40.079595
116.398376	40.079579
116.398279	40.079569
116.398183	40.079552
116.398088	40.079534
116.397989	40.079515
116.397881	40.079494
116.397796	40.079481
116.397702	40.079478
116.397614	40.079461
116.397517	40.079443
116.397424	40.079433
116.397332	40.079421
116.397258	40.079416
116.397194	40.079404
116.397121	40.079393
116.397072	40.079386
116.396997	40.079377
116.396937	40.079364
116.396874	40.079354
116.39682	40.079352
116.396773	40.07934
116.396718	40.079337
116.396666	40.079322
116.396606	40.079309
116.396522	40.079296
116.396427	40.079301
116.396342	40.079293
116.396265	40.079293
116.396184	40.079281
116.396106	40.079273
116.396032	40.07925
116.395952	40.079235
116.395863	40.079223
116.395775	40.07921
116.395689	40.079196
116.395595	40.079176
116.395504	40.079161
116.39541	40.079147
116.395318	40.079131
116.39521	40.079125
116.395116	40.079108
116.395013	40.079089
116.394902	40.079072
116.394793	40.07906
116.394691	40.079052
116.394575	40.079031
116.394373	40.079013
116.394265	40.079008
116.394154	40.07899
116.394037	40.078978
116.393926	40.078966
116.393699	40.078932
116.393583	40.078923
116.393472	40.078908
116.393365	40.078884
116.393242	40.078868
116.393016	40.078837
116.392918	40.078818
116.392813	40.078807
116.392716	40.078791
116.392602	40.078779
116.392495	40.07877
116.392397	40.078757
116.392282	40.078746
116.392169	40.078736
116.392059	40.078715
116.391943	40.07871
116.391831	40.078692
116.391721	40.078678
116.391607	40.078658
116.391511	40.078646
116.391403	40.078634
116.391308	40.078631
116.391203	40.078613
116.391091	40.078597
116.390881	40.078574
116.390776	40.078566
116.390675	40.078553
116.390569	40.078541
116.390462	40.078523
116.390364	40.078513
116.390267	40.078502
116.390168	40.07849
116.390072	40.078479
116.389977	40.078474
116.389886	40.078453
116.389811	40.078438
116.389733	40.078429
116.389673	40.078422
116.38962	40.078409
116.389565	40.078407
116.389508	40.078395
116.389441	40.07838
116.389363	40.078372
116.389284	40.078352
116.389192	40.078332
116.389108	40.078317
116.389033	40.078306
116.388936	40.078304
116.388848	40.078282
116.388738	40.078265
116.388627	40.078244
116.388521	40.078227
116.388406	40.078199
116.388288	40.078185
116.388169	40.078174
116.388063	40.07815
116.387939	40.078115
116.387834	40.078094
116.387709	40.078067
116.387583	40.078045
116.387468	40.078034
116.387345	40.078021
116.387237	40.077996
116.387128	40.077976
116.387053	40.07796
116.386974	40.077952
116.386904	40.077941
116.386823	40.077936
116.386752	40.077926
116.386662	40.077913
116.386581	40.077901
116.386481	40.077883
116.386391	40.077871
116.38628	40.077856
116.386162	40.077851
116.386032	40.077835
116.385916	40.077815
116.385794	40.077796
116.385658	40.077782
116.385527	40.07776
116.385404	40.077737
116.385276	40.077722
116.385159	40.077706
116.385039	40.077684
116.384905	40.07767
116.384793	40.077659
116.384673	40.077644
116.384446	40.077604
116.384329	40.077587
116.3842	40.077562
116.384075	40.07754
116.383953	40.077518
116.383687	40.077496
116.383559	40.077485
116.383446	40.077465
116.383321	40.077455
116.383218	40.07744
116.383029	40.077414
116.382952	40.077399
116.382875	40.077391
116.382808	40.077386
116.382761	40.077394
116.382667	40.077412
116.382641	40.077434
116.382613	40.077465
116.382595	40.077498
116.382591	40.077548
116.382594	40.077612
116.382602	40.077687
116.382594	40.077752
116.382581	40.077829
116.382575	40.077899
116.382569	40.07798
116.382556	40.078056
116.382544	40.078144
116.382524	40.078233
116.382515	40.078321
116.382506	40.078418
116.382494	40.078507
116.382479	40.078599
116.382451	40.078676
116.382433	40.078756
116.382426	40.07883
116.382413	40.078884
116.382401	40.078936
116.38239	40.078982
116.382367	40.079029
116.382353	40.079061
116.382322	40.079096
116.382293	40.079132
116.382266	40.079153
116.382229	40.079173
116.382187	40.079197
116.382139	40.079204
116.38207	40.079211
116.382002	40.079205
116.381923	40.079198
116.381836	40.079183
116.381756	40.079178
116.381671	40.079172
116.381577	40.07917
116.3815	40.079185
116.381406	40.079198
116.38131	40.079204
116.381214	40.079213
116.381091	40.079223
116.38097	40.079231
116.380841	40.079236
116.380715	40.079245
116.380586	40.07925
116.380462	40.079257
116.380331	40.079257
116.380218	40.079269
116.380086	40.079272
116.379959	40.07928
116.379811	40.079273
116.379677	40.079281
116.379532	40.079282
116.37939	40.079283
116.379245	40.079282
116.379104	40.079278
116.378979	40.079265
116.378845	40.079275
116.378727	40.079277
116.378604	40.079275
116.378489	40.079266
116.378384	40.07926
116.378288	40.079268
116.378192	40.079266
116.378122	40.079268
116.378034	40.079248
116.377952	40.079253
116.377858	40.079252
116.377775	40.07925
116.377681	40.079248
116.377604	40.079243
116.377542	40.079241
116.377471	40.079239
116.377396	40.079243
116.377339	40.079249
116.377289	40.079254
116.377264	40.079266
116.377245	40.079284
116.377213	40.079303
116.377199	40.079316
116.377204	40.079316
116.377206	40.079322
116.377208	40.079364
116.377215	40.079421
116.37722	40.079491
116.377202	40.079564
116.37718	40.079619
116.377164	40.079679
116.377125	40.079742
116.377111	40.079817
116.377105	40.079898
116.377091	40.079981
116.377089	40.080065
116.377073	40.080147
116.377071	40.08024
116.377077	40.080323
116.377085	40.08042
116.3771	40.080504
116.377118	40.080593
116.377124	40.080677
116.377132	40.080767
116.377119	40.080854
116.377119	40.080947
116.377123	40.081034
116.377126	40.08112
116.377148	40.081215
116.377173	40.081313
116.377201	40.081423
116.377209	40.081521
116.377211	40.081617
116.377201	40.081695
116.377217	40.081783
116.377224	40.081847
116.37718	40.081906
116.377101	40.081961
116.376996	40.08202
116.376869	40.082061
116.376718	40.082072
116.376558	40.082081
116.376383	40.082072
116.376223	40.08207
116.376061	40.082077
116.375729	40.082099
116.375546	40.082109
116.375413	40.082108
116.375283	40.082081
116.375152	40.082042
116.374883	40.081972
116.37475	40.08194
116.374623	40.081912
116.374509	40.081883