116.505531	39.982616
116.505651	39.982497
116.5058	39.982405
116.505886	39.982301
116.505931	39.982203
116.505967	39.982097
116.505995	39.98198
116.506022	39.981871
116.506034	39.98176
116.506054	39.981651
116.506073	39.981538
116.506087	39.981431
116.506091	39.981325
116.506107	39.981218
116.506103	39.981107
116.506105	39.981014
116.506107	39.980919
116.506114	39.980838
116.506114	39.980759
116.506106	39.980681
116.506104	39.980628
116.506101	39.980574
116.506104	39.980534
116.506088	39.980497
116.506049	39.980463
116.506006	39.980432
116.505967	39.980434
116.505935	39.980446
116.505932	39.980454
116.50591	39.98046
116.505886	39.980461
116.505831	39.980468
116.505751	39.980476
116.505665	39.980483
116.505579	39.980497
116.505485	39.9805
116.50539	39.980516
116.505282	39.980534
116.50518	39.980548
116.505073	39.980572
116.504967	39.980586
116.504849	39.980601
116.504742	39.980612
116.504631	39.980629
116.504518	39.98064
116.504412	39.980648
116.504318	39.980648
116.504229	39.980653
116.504147	39.980648
116.50407	39.980646
116.504009	39.980651
116.503944	39.980665
116.503891	39.980699
116.503845	39.98073
116.503835	39.980774
116.503812	39.980816
116.503812	39.980881
116.50381	39.980963
116.503814	39.981041
116.503817	39.981118
116.503821	39.981208
116.50381	39.981294
116.503797	39.981382
116.503789	39.981463
116.503775	39.981554
116.503756	39.981649
116.503741	39.98174
116.503727	39.981835
116.503707	39.981919
116.503693	39.982008
116.503674	39.982101
116.503641	39.982186
116.503623	39.982276
116.503613	39.982365
116.503601	39.982454
116.503581	39.982542
116.503559	39.982635
116.503569	39.982728
116.503573	39.982818
116.50356	39.982906
116.503573	39.982999
116.503582	39.983096
116.503579	39.983182
116.503603	39.983275
116.503602	39.983366
116.503594	39.983451
116.503643	39.983543
116.503679	39.983636
116.50368	39.983726
116.503719	39.983813
116.503725	39.983902
116.503728	39.983995
116.503733	39.984089
116.503707	39.984188
116.5037	39.98428
116.503712	39.98438
116.50371	39.984481
116.503719	39.984573
116.503717	39.984677
116.503717	39.98478
116.50371	39.984871
116.503714	39.984972
116.503728	39.985067
116.503729	39.985161
116.503727	39.985261
116.503731	39.985357
116.50383	39.9854
116.503902	39.985479
116.503911	39.985583
116.503808	39.985748
116.50374	39.985905
116.503706	39.986041
116.503681	39.986165
116.503683	39.986259
116.503641	39.986386
116.503621	39.986648
116.503612	39.986819
116.503605	39.98697
116.503617	39.987086
116.503592	39.987177
116.503573	39.987278
116.503557	39.987369
116.503672	39.987476
116.50367	39.987564
116.503806	39.987635
116.503838	39.987673
116.503845	39.987742
116.503891	39.987765
116.503838	39.987894
116.503825	39.987979
116.50378	39.988066
116.503762	39.988093
116.503682	39.988173
116.503672	39.988212
116.503657	39.988244
116.503421	39.988371
116.503288	39.988443
116.503245	39.988487
116.503082	39.988563
116.502931	39.988567
116.502801	39.988555
116.502713	39.988579
116.50259	39.988565
116.502487	39.988566
116.50238	39.988556
116.502273	39.988542
116.50216	39.988526
116.502075	39.988541
116.50196	39.988503
116.501848	39.988488
116.501759	39.988499
116.501646	39.988483
116.501546	39.988468
116.501452	39.98846
116.501363	39.988465
116.501259	39.988457
116.501165	39.988446
116.501067	39.988448
116.500982	39.988454
116.500888	39.98846
116.500792	39.98847
116.500661	39.988486
116.500542	39.988503
116.500446	39.988514
116.500357	39.988525
116.500264	39.988532
116.500135	39.988568
116.50002	39.98858
116.49993	39.988593
116.499794	39.988614
116.499673	39.988628
116.499542	39.988638
116.499438	39.988659
116.499323	39.988673
116.49921	39.98869
116.499099	39.988707
116.498988	39.988723
116.498876	39.988748
116.498777	39.988768
116.49867	39.988781
116.498551	39.988788
116.498448	39.988776
116.498352	39.988789
116.498259	39.988807
116.49815	39.988796
116.498048	39.98883
116.497959	39.988873
116.497862	39.988907
116.497766	39.988946
116.497644	39.988895
116.497548	39.988928
116.496501	39.989268
116.497502	39.988917
116.497466	39.988963
116.497428	39.988999
116.497378	39.989042
116.497313	39.989083
116.497245	39.989103
116.497153	39.989127
116.497071	39.989154
116.496988	39.98918
116.496925	39.989222
116.496853	39.98927
116.496758	39.98929
116.496662	39.989287
116.496561	39.989294
116.496455	39.989282
116.496351	39.989269
116.496252	39.989246
116.496152	39.989226
116.49605	39.989191
116.495944	39.98916
116.495848	39.989113
116.495751	39.989063
116.495658	39.989024
116.495567	39.988969
116.495478	39.988923
116.495372	39.98888
116.495269	39.988843
116.495162	39.988809
116.495042	39.988794
116.494917	39.988765
116.494805	39.988745
116.494674	39.988728
116.494551	39.988708
116.494414	39.988678
116.494289	39.988645
116.494163	39.988619
116.494047	39.98858
116.493918	39.988557
116.493802	39.988522
116.493684	39.988491
116.49355	39.988465
116.493426	39.988441
116.493298	39.98842
116.493166	39.988398
116.493043	39.988373
116.492913	39.988358
116.492793	39.988346
116.492664	39.988336
116.49255	39.98832
116.492442	39.988303
116.492342	39.988284
116.492243	39.98827
116.492159	39.988247
116.492082	39.98823
116.492012	39.988213
116.491943	39.9882
116.491888	39.988176
116.491837	39.988162
116.491782	39.988145
116.491748	39.988127
116.4917	39.98811
116.491661	39.988099
116.491617	39.988079
116.491581	39.988062
116.491544	39.988047
116.491516	39.988035
116.491485	39.988026
116.491473	39.988025
116.491447	39.988029
116.491421	39.98803
116.491366	39.988037
116.49132	39.988045
116.491266	39.988043
116.491208	39.988048
116.491156	39.988061
116.491112	39.988058
116.491069	39.988062
116.491035	39.988062
116.491	39.988065
116.490967	39.988065
116.490943	39.988065
116.490925	39.988062
116.490885	39.988059
116.49084	39.988074
116.490813	39.988074
116.490786	39.988072
116.490746	39.988071
116.490716	39.988075
116.490705	39.988069
116.490658	39.988071
116.490644	39.988073
116.490608	39.988075
116.490558	39.988065
116.490475	39.988054
116.490421	39.98805
116.490355	39.988052
116.490309	39.988054
116.490252	39.988065
116.490207	39.98807
116.490169	39.988071
116.490136	39.988085
116.490102	39.988092
116.490054	39.98809
116.489996	39.988097
116.489948	39.988093
116.489896	39.988089
116.489848	39.988085
116.489808	39.988091
116.489764	39.988101
116.489732	39.988117
116.489717	39.988121
116.489689	39.988132
116.489657	39.988145
116.489609	39.988163
116.489559	39.988188
116.489503	39.988214
116.489448	39.988246
116.48939	39.988277
116.489345	39.988309
116.489291	39.988337
116.489251	39.988367
116.489215	39.988395
116.489194	39.988412
116.48917	39.988425
116.489139	39.988435
116.489119	39.988455
116.489096	39.988469
116.48908	39.988493
116.489068	39.988509
116.489068	39.98853
116.489074	39.988563
116.48911	39.988598
116.489139	39.988644
116.489184	39.988691
116.489244	39.988752
116.489296	39.988808
116.489353	39.988865
116.489417	39.988918
116.489482	39.988971
116.48955	39.989028
116.489625	39.989097
116.489711	39.989167
116.489803	39.989242
116.489894	39.98932
116.489985	39.989396
116.490072	39.989481
116.490159	39.989561
116.490252	39.989651
116.490362	39.98974
116.490463	39.989836
116.490568	39.989931
116.490675	39.990025
116.490795	39.990134
116.490899	39.99024
116.491018	39.990341
116.491119	39.990451
116.491234	39.990557
116.491339	39.99066
116.491452	39.990764
116.491561	39.990872
116.491684	39.990983
116.491805	39.991089
116.491921	39.991199
116.49203	39.991309
116.492147	39.991422
116.492269	39.991536
116.492387	39.991651
116.492498	39.991776
116.492608	39.991891
116.492735	39.992012
116.492862	39.992132
116.492993	39.99225
116.493116	39.992376
116.49326	39.992496
116.493385	39.992622
116.493525	39.992737
116.493649	39.99286
116.493777	39.992977
116.493911	39.993089
116.494034	39.993198
116.494148	39.993311
116.494261	39.99341
116.494371	39.993507
116.494468	39.9936
116.494573	39.99369
116.494664	39.993781
116.494752	39.993866
116.494844	39.993946
116.494917	39.994022
116.494988	39.994087
116.49507	39.994164
116.495133	39.99423
116.495213	39.994293
116.495285	39.994363
116.495356	39.994427
116.495425	39.994482
116.495503	39.994547
116.495586	39.994613
116.495665	39.994669
116.495736	39.994738
116.495827	39.994806
116.495911	39.994874
116.496001	39.994944
116.496081	39.99502
116.496166	39.99509
116.496249	39.995158
116.496327	39.995233
116.496412	39.995301
116.496492	39.995375
116.496561	39.995442
116.496642	39.995515
116.496729	39.995592
116.496805	39.995661
116.496886	39.995737
116.496963	39.99581
116.497045	39.995886
116.497138	39.995966
116.497215	39.996037
116.497295	39.996109
116.497384	39.99618
116.497468	39.996251
116.49754	39.996323
116.497621	39.996389
116.497703	39.996458
116.497791	39.99653
116.497879	39.996605
116.497964	39.996679
116.498057	39.996755
116.498152	39.996831
116.498239	39.996914
116.498344	39.997001
116.498446	39.997102
116.498561	39.997199
116.498674	39.997299
116.498787	39.997407
116.498902	39.997511
116.499029	39.997618
116.499154	39.997725
116.499267	39.997833
116.499403	39.997948
116.499523	39.998065
116.499663	39.998175
116.499798	39.998286
116.499931	39.998407
116.500065	39.998522
116.500196	39.998645
116.500331	39.99876
116.500472	39.99888
116.500595	39.99899
116.500719	39.999115
116.500847	39.999228
116.500975	39.99935
116.5011	39.999467
116.501226	39.99959
116.501357	39.999706
116.501483	39.999828
116.501609	39.999954
116.501738	40.00008
116.501876	40.000204
116.501998	40.000317
116.502122	40.000436
116.502248	40.000552
116.502373	40.000654
116.502472	40.000767
116.502585	40.000869
116.502682	40.00097
116.50276	40.001066
116.502832	40.001161
116.502907	40.00126
116.502931	40.001353
116.502967	40.001453
116.502986	40.001548
116.502978	40.001639
116.502962	40.001737
116.502945	40.001833
116.502903	40.001921
116.502853	40.002017
116.502796	40.002106
116.502715	40.002187
116.502621	40.002263
116.502518	40.002345
116.502403	40.0024
116.502276	40.002453
116.502125	40.002504
116.501974	40.002534
116.501801	40.002567
116.501628	40.002581
116.501451	40.002578
116.50128	40.002577
116.50111	40.002561
116.500932	40.002527
116.500754	40.002504
116.500594	40.002462
116.500433	40.002411
116.500278	40.002356
116.500131	40.002301
116.499991	40.002252
116.499856	40.002221
116.499738	40.002188
116.499609	40.002188
116.499483	40.002192
116.499358	40.002198
116.499244	40.002209
116.499126	40.002222
116.499009	40.002243
116.498884	40.002269
116.498765	40.002294
116.498637	40.002316
116.498518	40.002346
116.49839	40.002378
116.498266	40.002406
116.498131	40.002433
116.497983	40.002458
116.497845	40.002492
116.4977	40.002523
116.497554	40.002559
116.497406	40.002592
116.497264	40.002632
116.497112	40.002681
116.496985	40.002732
116.496844	40.002793
116.496715	40.002858
116.496599	40.002937
116.496478	40.003014
116.496365	40.003098
116.496265	40.003183
116.496166	40.003271
116.496074	40.003367
116.495982	40.003468
116.495897	40.003563
116.495812	40.003657
116.49573	40.003753
116.495646	40.003843
116.49556	40.003937
116.495471	40.004022
116.495388	40.004112
116.495318	40.004198
116.495238	40.00429
116.495158	40.004375
116.495076	40.004455
116.495008	40.004543
116.494925	40.004631
116.494855	40.004712
116.494772	40.004798
116.494704	40.004877
116.494632	40.004944
116.494572	40.005004
116.494511	40.005066
116.494462	40.005122
116.494416	40.005166
116.494368	40.005206
116.494316	40.00524
116.494277	40.005277
116.494243	40.005309
116.494207	40.005338
116.494164	40.005378
116.494113	40.005414
116.494074	40.005458
116.494033	40.0055
116.493994	40.005541
116.49394	40.00559
116.493906	40.005632
116.493851	40.005681
116.493809	40.005723
116.493752	40.005777
116.493703	40.005828
116.493661	40.005878
116.493611	40.005927
116.493555	40.005983
116.493499	40.006032
116.493449	40.006089
116.493388	40.006145
116.493338	40.0062
116.493282	40.006263
116.493222	40.006324
116.49317	40.006386
116.493107	40.006449
116.493046	40.006503
116.492997	40.006567
116.492932	40.006621
116.492882	40.006678
116.492823	40.006743
116.492762	40.006803
116.492696	40.006858
116.492635	40.006922
116.492575	40.006988
116.492505	40.007049
116.492428	40.007123
116.49237	40.007189
116.492303	40.007251
116.492244	40.007314
116.492174	40.007381
116.492114	40.007438
116.492059	40.007492
116.492002	40.007549
116.491959	40.007594
116.491912	40.007645
116.491858	40.007687
116.491819	40.00773
116.491791	40.007767
116.491759	40.00779
116.491731	40.007817
116.491699	40.007839
116.491672	40.007866
116.491653	40.007895
116.491619	40.007916
116.491585	40.007945
116.491552	40.007981
116.491512	40.008025
116.491463	40.008069
116.491412	40.00812
116.491357	40.008177
116.4913	40.008238
116.491238	40.008308
116.491174	40.008377
116.491111	40.008446
116.491047	40.008513
116.490974	40.008579
116.490921	40.008646
116.49086	40.008717
116.490805	40.008778
116.490744	40.00884
116.490677	40.008911
116.490608	40.008981
116.490547	40.009056
116.49048	40.009131
116.490394	40.009213
116.490329	40.009301
116.49024	40.009394
116.490164	40.009484
116.490075	40.009577
116.489983	40.00968
116.489886	40.009777
116.489781	40.009887
116.489678	40.009991
116.48958	40.010101
116.489468	40.010206
116.489352	40.010322
116.489242	40.010426
116.489137	40.010535
116.489032	40.010634
116.488936	40.010731
116.488844	40.010818
116.488748	40.01091
116.488649	40.011005
116.488551	40.011097
116.488466	40.011187
116.488364	40.011268
116.488265	40.01136
116.488171	40.011451
116.488079	40.011529
116.487969	40.011622
116.487876	40.011708
116.487772	40.011796
116.487659	40.011883
116.487545	40.011969
116.487443	40.012063
116.487315	40.012148
116.487206	40.012245
116.487085	40.012335
116.486964	40.012419
116.486837	40.012507
116.486717	40.012591
116.486599	40.012667
116.486482	40.012747
116.48637	40.012819
116.48626	40.012893
116.486141	40.012959
116.486024	40.013031
116.485918	40.013089
116.485809	40.013143
116.485694	40.0132
116.485604	40.013251
116.4855	40.013307
116.485403	40.013353
116.485309	40.013392
116.485225	40.013442
116.485145	40.013483
116.485059	40.013515
116.484973	40.013557
116.484901	40.01359
116.484823	40.013627
116.484747	40.013663
116.484675	40.013701
116.484595	40.013736
116.484516	40.013779
116.48445	40.013809
116.484372	40.013846
116.484289	40.013883
116.484199	40.013918
116.484115	40.013956
116.484025	40.013992
116.483935	40.014034
116.483836	40.014075
116.483746	40.014111
116.483646	40.014142
116.483553	40.01418
116.483451	40.014219
116.483352	40.014253
116.483244	40.014288
116.483124	40.014323
116.483013	40.014368
116.482896	40.01441
116.482775	40.014459
116.482645	40.0145
116.482511	40.014545
116.482363	40.014591
116.482236	40.014629
116.482091	40.014669
116.481953	40.014702
116.481825	40.014743
116.481685	40.014774
116.481555	40.014806
116.481441	40.01483
116.481326	40.014852
116.481215	40.014875
116.481101	40.014902
116.480999	40.014922
116.480904	40.014938
116.480818	40.014956
116.480732	40.014969
116.480644	40.014987
116.480553	40.014998
116.480469	40.015015
116.480394	40.015027
116.480307	40.015046
116.480218	40.015059
116.480127	40.015069
116.480048	40.015089
116.479952	40.015105
116.479869	40.015114
116.479772	40.015131
116.479688	40.015143
116.479595	40.015151
116.479506	40.015161
116.479414	40.015173
116.479327	40.015187
116.479242	40.015196
116.479152	40.015208
116.479058	40.015214
116.478974	40.015225
116.478895	40.015232
116.478812	40.015235
116.478724	40.015246
116.478633	40.015247
116.478555	40.015256
116.478475	40.015261
116.478397	40.015262
116.478305	40.015271
116.478232	40.015273
116.478141	40.015281
116.478066	40.01528
116.477984	40.01529
116.47792	40.015293
116.477885	40.015293
116.477846	40.015291
116.477808	40.015296
116.477777	40.015293
116.477719	40.015294
116.477647	40.015297
116.477626	40.015297
116.477589	40.015299
116.477546	40.015294
116.477506	40.015303
116.477448	40.015301
116.477405	40.015299
116.477352	40.015304
116.477298	40.015303
116.477245	40.015294
116.477203	40.015297
116.477167	40.015301
116.477128	40.015294
116.477079	40.015298
116.477047	40.015296
116.47701	40.015294
116.476981	40.015293
116.476941	40.015298
116.476906	40.015297
116.476868	40.015295
116.476828	40.015299
116.476798	40.015294
116.476761	40.015296
116.476715	40.015292
116.476679	40.015292
116.476648	40.015297
116.476608	40.015291
116.47657	40.015294
116.476522	40.015291
116.476477	40.015291
116.476435	40.015295
116.476372	40.015292
116.476305	40.015291
116.47624	40.01529
116.476163	40.015294
116.476072	40.015299
116.475981	40.015298
116.475882	40.015298
116.475775	40.015298
116.475661	40.015301
116.475535	40.015304
116.475416	40.015304
116.475291	40.015303
116.475157	40.015302
116.475036	40.015306
116.474902	40.015317
116.474773	40.015317
116.474639	40.015318
116.474503	40.015323
116.474367	40.015322
116.474245	40.015324
116.474119	40.01532
116.473983	40.015316
116.473872	40.015323
116.473737	40.015333
116.473617	40.015341
116.473487	40.015354
116.473355	40.015378
116.47322	40.015398
116.473075	40.015433
116.47293	40.015461
116.472789	40.015497
116.472639	40.015524
116.472489	40.015565
116.472348	40.015597
116.472209	40.015636
116.472071	40.015667
116.471933	40.015704
116.471801	40.015732
116.471663	40.015766
116.471526	40.015802
116.471394	40.015838
116.471273	40.015872
116.47114	40.015895
116.471014	40.015928
116.470894	40.015956
116.470776	40.01597
116.470643	40.015992
116.470532	40.016002
116.470417	40.016011
116.470296	40.016012
116.47018	40.016013
116.470078	40.016015
116.469958	40.016009
116.469861	40.01601
116.469765	40.016007
116.469669	40.015997
116.469569	40.015995
116.46948	40.01599
116.469403	40.015982
116.469328	40.015982
116.469258	40.015979
116.469189	40.015978
116.469112	40.015976
116.469036	40.015981
116.468971	40.015977
116.4689	40.015971
116.468816	40.015968
116.468745	40.015962
116.468653	40.015965
116.468564	40.015961
116.468472	40.015951
116.468381	40.015955
116.468291	40.015954
116.468196	40.015946
116.468107	40.015951
116.468039	40.015949
116.467968	40.015949
116.467903	40.015947
116.46785	40.015947
116.467795	40.015944
116.46775	40.015951
116.46773	40.015945
116.467707	40.015947
116.467687	40.015949
116.46766	40.015949
116.467632	40.01595
116.467596	40.015948
116.467559	40.015951
116.467511	40.01596
116.467475	40.015968
116.467434	40.015983
116.467413	40.016015
116.467384	40.016057
116.467373	40.016108
116.467355	40.016166
116.467332	40.016232
116.467327	40.01631
116.467323	40.016383
116.467322	40.016461
116.467315	40.016532
116.467314	40.016614
116.4673	40.016702
116.46731	40.016796
116.4673	40.016896
116.467295	40.016998
116.467299	40.017113
116.467289	40.017221
116.467282	40.017331
116.467282	40.017441
116.467279	40.017551
116.467277	40.017666
116.467272	40.017784
116.467271	40.017897
116.467266	40.018011
116.467262	40.018128
116.467256	40.018241
116.467247	40.018358
116.467235	40.018465
116.467229	40.018576
116.467233	40.018678
116.467222	40.018781
116.467212	40.018867
116.467202	40.018942
116.467206	40.019019
116.467195	40.019086
116.467197	40.019148
116.467186	40.019211
116.467189	40.019256
116.467179	40.019292
116.467178	40.019319
116.467171	40.019349
116.467171	40.01938
116.467169	40.019405
116.467162	40.019429
116.467151	40.019447
116.46715	40.019466
116.467142	40.019516
116.467145	40.019539
116.467132	40.019578
116.467132	40.019617
116.467146	40.019654
116.467154	40.01969
116.467153	40.019734
116.46715	40.019769
116.467154	40.019811
116.467154	40.01985
116.467169	40.019887
116.467177	40.019936
116.46718	40.019995
116.46719	40.020056
116.467187	40.020119
116.467184	40.020175
116.467191	40.020243
116.467173	40.020301
116.467152	40.020356
116.467118	40.020416
116.467064	40.020464
116.467005	40.020502
116.466947	40.020546
116.466883	40.020574
116.466815	40.020588
116.466744	40.020608
116.466686	40.020611
116.466623	40.02061
116.466565	40.020612
116.466495	40.020619
116.46643	40.020618
116.466363	40.020617
116.466287	40.020623
116.466215	40.020619
116.466137	40.020623
116.466051	40.020623
116.465979	40.020629
116.465917	40.020638
116.465848	40.020637
116.465787	40.020643
116.465729	40.020645
116.465686	40.020646
116.465661	40.02065
116.465622	40.020645
116.465593	40.020643
116.465577	40.020642
116.465555	40.020645
116.465518	40.020649
116.465477	40.020649
116.465429	40.020649
116.465377	40.020649
116.465314	40.020651
116.465243	40.020651
116.465177	40.020649
116.465109	40.020644
116.465028	40.020641
116.46496	40.020642
116.464877	40.020648
116.464799	40.020646
116.464711	40.020642
116.464615	40.020645
116.464516	40.020645
116.464422	40.020649
116.464328	40.020655
116.46422	40.02066
116.464135	40.020669
116.46403	40.020676
116.463949	40.020678
116.463872	40.020679
116.463802	40.020685
116.46374	40.020683
116.463676	40.02069
116.463621	40.020688
116.463577	40.02069
116.463527	40.020691
116.463473	40.020708
116.463427	40.020705
116.463387	40.020711
116.463352	40.02071
116.463328	40.020715
116.463314	40.020712
116.463294	40.020714
116.463233	40.020739
116.463199	40.020742
116.463142	40.020755
116.463095	40.020764
116.463038	40.020771
116.462973	40.020775
116.462911	40.020778
116.462859	40.020785
116.462785	40.020781
116.462721	40.020788
116.462637	40.020791
116.462545	40.020787
116.462442	40.02079
116.462345	40.02079
116.462247	40.020784
116.462147	40.020785
116.462049	40.020781
116.461946	40.020777
116.461835	40.020769
116.461725	40.02077
116.461626	40.020758
116.461523	40.020744
116.461415	40.020733
116.461328	40.020719
116.461233	40.020714
116.461147	40.020702
116.461066	40.020687
116.460989	40.02069
116.460911	40.020686
116.460819	40.020675
116.460721	40.020676
116.460629	40.02067
116.460529	40.020668
116.460427	40.020665
116.460323	40.020664
116.460207	40.020663
116.460089	40.020674
116.459976	40.020674
116.45985	40.02068
116.459719	40.020685
116.459579	40.020688
116.459444	40.020697
116.45931	40.020703
116.459178	40.020716
116.459039	40.020729
116.458908	40.020739
116.458765	40.020744
116.458628	40.020756
116.458484	40.020769
116.458342	40.020777
116.458194	40.020783
116.458037	40.020785
116.457893	40.020796
116.457747	40.020803
116.457601	40.020816
116.457455	40.020818
116.457313	40.020823
116.45716	40.020829
116.457031	40.020832
116.456888	40.020839
116.456752	40.020844
116.456627	40.020857
116.45649	40.020863
116.456353	40.020872
116.456222	40.020877
116.456086	40.020882
116.455951	40.02089
116.455811	40.020901
116.455676	40.020905
116.455544	40.020909
116.455417	40.020916
116.455292	40.020918
116.455175	40.020927
116.45506	40.020928
116.454955	40.020936
116.454863	40.020938
116.454767	40.020946
116.454689	40.020947
116.454617	40.020946
116.454564	40.020953
116.454499	40.020957
116.454451	40.020956
116.454389	40.020961
116.454338	40.020963
116.454272	40.020961
116.454205	40.02096
116.45413	40.020962
116.454059	40.020967
116.453975	40.020967
116.453877	40.020973
116.453764	40.020974
116.453653	40.020981
116.453542	40.020987
116.453427	40.020991
116.453308	40.021003
116.453186	40.021007
116.453075	40.021015
116.452961	40.021029
116.452852	40.021048
116.452735	40.021085
116.452647	40.021119
116.452541	40.021134
116.452472	40.021147
116.452393	40.021166
116.452321	40.021172
116.452265	40.021181
116.452201	40.021193
116.452135	40.021205
116.452069	40.021209
116.452013	40.021219
116.451949	40.021222
116.451893	40.021221
116.451824	40.021224
116.451746	40.021224
116.451677	40.021221
116.451596	40.02122
116.451517	40.02121
116.451444	40.021216
116.451349	40.021213
116.451266	40.02121
116.451172	40.021217
116.451074	40.021218
116.45097	40.021211
116.45087	40.021216
116.450773	40.02122
116.450668	40.021212
116.450553	40.021213
116.450454	40.021211
116.450348	40.021207
116.450247	40.021208
116.450138	40.021216
116.450036	40.021218
116.449935	40.021219
116.449834	40.021229
116.449744	40.021229
116.449649	40.021237
116.449544	40.021241
116.449452	40.021248
116.449369	40.021259
116.449278	40.021259
116.449195	40.021263
116.44912	40.021263
116.449061	40.021264
116.449027	40.021273
116.448987	40.021279
116.44896	40.021293
116.448931	40.021367
116.448917	40.021405
116.448912	40.021448
116.448907	40.021497
116.448907	40.021548
116.448908	40.021615
116.448905	40.021683
116.448904	40.021753
116.448901	40.021822
116.448887	40.021896
116.448888	40.021982
116.448878	40.022079
116.448874	40.022172
116.448864	40.022272
116.448853	40.022377
116.448845	40.022476
116.448848	40.022579
116.448846	40.02268
116.448829	40.022777
116.448834	40.02288
116.448818	40.022984
116.448812	40.023086
116.448799	40.023193
116.448785	40.023308
116.448766	40.023414
116.448749	40.023539
116.448741	40.023663
116.448738	40.023796
116.448724	40.023924
116.448708	40.024069
116.448698	40.024206
116.44869	40.024357
116.448679	40.0245
116.448672	40.024646
116.448669	40.024783
116.44866	40.024925
116.448646	40.025069
116.448631	40.025211
116.448625	40.025349
116.448607	40.025477
116.448592	40.025607
116.448583	40.02573
116.448576	40.025841
116.448554	40.025966
116.448552	40.026082
116.448544	40.026197
116.448527	40.026309
116.448513	40.026422
116.448513	40.026541
116.448493	40.026652
116.448493	40.02678
116.448486	40.026906
116.448476	40.027029
116.44846	40.027158
116.448449	40.027284
116.448441	40.027402
116.448431	40.027524
116.448426	40.027644
116.448421	40.027763
116.448404	40.027876
116.448389	40.027997
116.448382	40.028108
116.448373	40.028214
116.448354	40.028324
116.44836	40.02843
116.448349	40.028548
116.448343	40.028655
116.448343	40.02875
116.448348	40.028861
116.448352	40.028964
116.448345	40.02906
116.448337	40.029167
116.448339	40.029267
116.448338	40.029368
116.448338	40.029466
116.448341	40.029564
116.448336	40.029658
116.44833	40.02976
116.448336	40.029848
116.448332	40.029942
116.448328	40.030036
116.448319	40.030125
116.448318	40.030216
116.448318	40.030305
116.448319	40.030398
116.448313	40.030489
116.448317	40.030576
116.448308	40.030661
116.448308	40.030756
116.4483	40.030853
116.448299	40.030947
116.448296	40.031037
116.448285	40.031124
116.448285	40.031214
116.448284	40.03129
116.448285	40.031358
116.448281	40.03142
116.448281	40.031485
116.44827	40.031548
116.44828	40.031605
116.448269	40.031662
116.448263	40.031711
116.448265	40.031763
116.448255	40.031803
116.448251	40.031841
116.448253	40.031877
116.448251	40.031912
116.448251	40.031952
116.448249	40.031995
116.448252	40.032034
116.448254	40.032063
116.448256	40.032088
116.448257	40.032104
116.448254	40.032128
116.448247	40.032142
116.448244	40.03216
116.44825	40.032175
116.448242	40.032195
116.448233	40.032209
116.448218	40.03222
116.448202	40.032236
116.448158	40.032244
116.448116	40.032247
116.448046	40.032258
116.447977	40.032263
116.447893	40.032264
116.447818	40.032263
116.447751	40.032265
116.447705	40.03227
116.447661	40.03227
116.447609	40.032275
116.447547	40.032275
116.447489	40.032279
116.44743	40.032282
116.447359	40.032282
116.447277	40.032291
116.447184	40.032291
116.447096	40.032297
116.446998	40.032298
116.446894	40.032296
116.446769	40.032302
116.446655	40.0323
116.446513	40.032305
116.446378	40.032301
116.446221	40.03231
116.446067	40.032318
116.445921	40.032324
116.445764	40.032329
116.4456	40.03234
116.445433	40.032341
116.445266	40.032349
116.445087	40.032353
116.444912	40.032354
116.444728	40.032362
116.444542	40.032367
116.444367	40.03237
116.444184	40.032376
116.444002	40.032374
116.443837	40.032385
116.443665	40.032386
116.443515	40.032387
116.443364	40.032395
116.443216	40.0324
116.443069	40.032396
116.442936	40.032404
116.442813	40.032412
116.442689	40.03241
116.442556	40.032416
116.44244	40.032419
116.44232	40.03242
116.442209	40.032423
116.44209	40.032432
116.441979	40.032437
116.441866	40.032441
116.441751	40.032453
116.441644	40.032458
116.441528	40.032472
116.441395	40.032478
116.441273	40.032487
116.441153	40.032498
116.441014	40.032499
116.440877	40.032508
116.440729	40.032512
116.440582	40.032515
116.44044	40.032523
116.44028	40.032521
116.440121	40.032523
116.439972	40.032522
116.439818	40.032525
116.439658	40.032528
116.439512	40.032525
116.439365	40.032525
116.439222	40.032525
116.439081	40.032528
116.438939	40.032531
116.438802	40.032532
116.438669	40.03253
116.438531	40.032529
116.438416	40.032533
116.438296	40.032545
116.438185	40.032549
116.438075	40.032553
116.437968	40.032562
116.437868	40.032568
116.43779	40.032577
116.437714	40.032585
116.437633	40.032593
116.437587	40.032607
116.437527	40.032616
116.437492	40.032619
116.437453	40.032622
116.437417	40.032642
116.437378	40.032654
116.437331	40.032681
116.437299	40.032714
116.437274	40.033422
116.437289	40.033523
116.43731	40.033618
116.437338	40.033732
116.437363	40.033979
116.437396	40.034216
116.437436	40.034424
116.437455	40.034601
116.437468	40.034773
116.437483	40.034932
116.437493	40.035071
116.437486	40.035219
116.437497	40.035357
116.437504	40.035498
116.437502	40.035637
116.437503	40.035775
116.437515	40.035918
116.437502	40.036047
116.437504	40.036185
116.437486	40.036316
116.437458	40.036435
116.437418	40.036551
116.437358	40.036648
116.437301	40.03674
116.43724	40.036835
116.437185	40.036918
116.437132	40.036983
116.437065	40.037044
116.436998	40.03711
116.436941	40.037162
116.436888	40.03721
116.436827	40.03726
116.436786	40.037308
116.436727	40.037363
116.436667	40.037409
116.436605	40.037456
116.436544	40.037526
116.436478	40.037592
116.436394	40.037651
116.436305	40.037731
116.436223	40.037809
116.436138	40.037892
116.436056	40.037976
116.435979	40.038063
116.435891	40.03815
116.435801	40.03825
116.435725	40.038337
116.435639	40.038429
116.435555	40.03852
116.435462	40.038604
116.435377	40.038683
116.435284	40.038754
116.435193	40.03883
116.435087	40.038897
116.434979	40.038948
116.434861	40.038992
116.434758	40.039038
116.434662	40.039077
116.434579	40.039108
116.434505	40.039132
116.434432	40.03915
116.434381	40.039172
116.434335	40.03919
116.434299	40.03921
116.434265	40.03922
116.434238	40.039231
116.434202	40.039244
116.434193	40.03925
116.434132	40.039269
116.434115	40.039285
116.434079	40.039296
116.434038	40.039312
116.433993	40.039328
116.433934	40.039345
116.433864	40.039371
116.433782	40.039405
116.433702	40.039433
116.433618	40.039462
116.433532	40.039496
116.433438	40.039528
116.43334	40.03957
116.433226	40.039613
116.43311	40.039663
116.433002	40.03971
116.432881	40.039762
116.432759	40.039808
116.432637	40.039851
116.432526	40.039902
116.432397	40.03995
116.432282	40.039993
116.432154	40.040042
116.432038	40.040088
116.431917	40.040129
116.431807	40.040171
116.431698	40.040213
116.431596	40.040259
116.431495	40.040302
116.431389	40.040349
116.431279	40.040388
116.431177	40.040433
116.431082	40.040476
116.430992	40.040512
116.430906	40.040555
116.430818	40.040587
116.430743	40.040624
116.430675	40.040655
116.43061	40.040683
116.430534	40.04072
116.430479	40.040753
116.430404	40.040789
116.430345	40.040816
116.430268	40.04085
116.430193	40.040881
116.430122	40.040912
116.430034	40.040942
116.429938	40.040983
116.429838	40.041015
116.429743	40.041056
116.429639	40.041094
116.429546	40.041131
116.429449	40.041173
116.42935	40.041213
116.429261	40.041248
116.429165	40.041284
116.429079	40.041308
116.429005	40.041345
116.428912	40.041373
116.428837	40.0414
116.428752	40.041433
116.428665	40.041461
116.42858	40.041482
116.428502	40.041517
116.428424	40.041548
116.428341	40.041567
116.428241	40.041582
116.428156	40.041593
116.428061	40.0416
116.427972	40.041609
116.427881	40.041621
116.4278	40.041625
116.427722	40.041628
116.427645	40.041637
116.427581	40.041637
116.427521	40.041647
116.427455	40.04165
116.427407	40.041657
116.427364	40.041666
116.427309	40.041668
116.427256	40.041678
116.427194	40.041686
116.427123	40.041699
116.427053	40.041715
116.426962	40.041724
116.426878	40.041735
116.426801	40.041747
116.426714	40.041761
116.426614	40.041773
116.426521	40.041777
116.426428	40.041781
116.426345	40.041786
116.426271	40.041796
116.426211	40.041801
116.426162	40.041804
116.426121	40.041802
116.426078	40.0418
116.425965	40.041808
116.425925	40.041806
116.42587	40.041797
116.425825	40.0418
116.42577	40.04179
116.425705	40.041791
116.425659	40.041789
116.425611	40.041789
116.425533	40.041775
116.425493	40.041736
116.425463	40.041696
116.425418	40.041653
116.425303	40.041617
116.425251	40.0416
116.4252	40.0416
116.425145	40.041597
116.425093	40.041589
116.425034	40.04159
116.424984	40.041587
116.424955	40.041588
116.424921	40.041589
116.424883	40.041584
116.424759	40.041575
116.424634	40.041589
116.424514	40.041577
116.424462	40.041583
116.424423	40.041588
116.424373	40.041584
116.424325	40.041594
116.424253	40.041597
116.424184	40.041609
116.424118	40.041608
116.424071	40.041615
116.424015	40.041611
116.42397	40.041603
116.423937	40.041605
116.423909	40.041603
116.423823	40.041609
116.42367	40.041619
116.423625	40.041622
116.423613	40.041626
116.423579	40.041619
116.42353	40.041629
116.423495	40.041625
116.423453	40.041627
116.42341	40.041625
116.423369	40.041631
116.423333	40.041624
116.423296	40.041626
116.423257	40.04163
116.423242	40.041625
116.423206	40.041624
116.423184	40.041631
116.423164	40.041643
116.423155	40.041662
116.42314	40.041687
116.423123	40.041704
116.423121	40.041717
116.423113	40.041737
116.423109	40.041743
116.423106	40.041753
116.423104	40.041761
116.4231	40.041765
116.423098	40.041765
116.423089	40.041766
116.423091	40.041773
116.423084	40.041777
116.423079	40.041781
116.423076	40.041782
116.423075	40.04179
116.423064	40.041795
116.423065	40.041798
116.423072	40.041807
116.42307	40.041827
116.423065	40.041828
116.423077	40.041835
116.423075	40.041844
116.423077	40.04185
116.423069	40.041853
116.423069	40.041852
116.423067	40.04186
116.423074	40.041855
116.423064	40.041863
116.423067	40.041865
116.423071	40.041864
116.423062	40.041865
116.423067	40.041866
116.42307	40.041866
116.423069	40.041864
116.423073	40.041858
116.42307	40.041862
116.423078	40.041862
116.423076	40.041862
116.423086	40.041855
116.423097	40.041851
116.42311	40.041842
116.423118	40.041838
116.423127	40.041825
116.423131	40.041818
116.423136	40.041812
116.423134	40.041809
116.423133	40.041797
116.423135	40.041795
116.423133	40.04179
116.423143	40.041785
116.423137	40.041782
116.423139	40.041785
116.423134	40.04178
116.423137	40.04178
116.423132	40.041781
116.423124	40.041781
116.423105	40.041782
116.42309	40.041778
116.42307	40.041771
116.423044	40.041769
116.423017	40.041769
116.422981	40.041764
116.422952	40.041765
116.422932	40.041765
116.422909	40.041767
116.422878	40.04177
116.422866	40.041771
116.422852	40.041778
116.422839	40.041772
116.422815	40.041773
116.422803	40.041779
116.422786	40.041773
116.422754	40.041768
116.422728	40.041774
116.422701	40.041768
116.422665	40.041771
116.422627	40.041769
116.422589	40.041772
116.422548	40.041772
116.422518	40.041769
116.422491	40.041773
116.422464	40.041771
116.422444	40.041775
116.42242	40.041781
116.422384	40.041794
116.422341	40.041809
116.422288	40.041819
116.422254	40.04184
116.422217	40.041848
116.422178	40.041867
116.422166	40.041883
116.422144	40.041896
116.422133	40.041897
116.422134	40.041908
116.422123	40.041919
116.422129	40.041919
116.422115	40.041921
116.422114	40.04193
116.422109	40.041938
116.422097	40.041937
116.422082	40.041951
116.422056	40.041955
116.422037	40.041956
116.422003	40.041968
116.421972	40.041976
116.421924	40.041977
116.421868	40.041985
116.421755	40.04199
116.421698	40.041995
116.421621	40.04199
116.421534	40.04198
116.421434	40.04196
116.421347	40.041942
116.421265	40.041923
116.421175	40.041915
116.42109	40.041909
116.420986	40.041903
116.420887	40.041896
116.420785	40.041893
116.420671	40.04189
116.420543	40.041887
116.420417	40.041885
116.420274	40.041876
116.420142	40.041858
116.420002	40.041842
116.419859	40.041833
116.419715	40.04182
116.419567	40.041812
116.419416	40.041805
116.419265	40.0418
116.419104	40.041794
116.418929	40.041799
116.418764	40.041787
116.418619	40.041768
116.418465	40.041757
116.418323	40.041729
116.418172	40.041704
116.418035	40.041676
116.417909	40.041642
116.41777	40.041607
116.417633	40.041575
116.417504	40.041535
116.417367	40.041512
116.417235	40.04148
116.417106	40.041444
116.416965	40.04141
116.416835	40.041381
116.41669	40.041351
116.416556	40.041334
116.416416	40.041308
116.416269	40.041286
116.416136	40.041276
116.415998	40.041257
116.415865	40.041244
116.415742	40.041221
116.415644	40.041205
116.415539	40.041182
116.415461	40.041174
116.415382	40.04116
116.415322	40.04115
116.415269	40.041153
116.415234	40.041179
116.415193	40.041201
116.415161	40.041223
116.415132	40.041261
116.415102	40.041302
116.415075	40.041348
116.415043	40.041407
116.415017	40.041468
116.414972	40.041538
116.414935	40.041627
116.414879	40.041721
116.41482	40.041826
116.414769	40.041934
116.414712	40.042034
116.414636	40.042155
116.414572	40.042271
116.414498	40.042396
116.41443	40.042521
116.414374	40.042662
116.414317	40.042788
116.414256	40.042926
116.414179	40.043065
116.414131	40.043215
116.414149	40.043407
116.414319	40.043643
116.414383	40.043828
116.414432	40.044001
116.414453	40.044157
116.414399	40.044271
116.41436	40.044382
116.414309	40.044498
116.414253	40.044604
116.414206	40.0447
116.414139	40.044763
116.414065	40.044824
116.414019	40.04488
116.413974	40.04494
116.413938	40.045005
116.41391	40.045038
116.413887	40.045078
116.41386	40.045114
116.413819	40.045152
116.413754	40.045181
116.413701	40.045209
116.413662	40.045241
116.413583	40.045264
116.413499	40.045263
116.413429	40.045267
116.413408	40.045292
116.413395	40.04531
116.413372	40.045327
116.413335	40.045375
116.413317	40.045392
116.413295	40.045416
116.413269	40.045448
116.41324	40.045477
116.413213	40.045508
116.413193	40.045537
116.413161	40.045573
116.413121	40.045609
116.41309	40.04565
116.413038	40.045703
116.413008	40.045744
116.412969	40.045782
116.412927	40.045821
116.412893	40.04586
116.412776	40.045945
116.412755	40.045975
116.41272	40.045995
116.412703	40.046014
116.412679	40.046037
116.412654	40.046054
116.412628	40.046063
116.412612	40.046079
116.412563	40.046094
116.412511	40.046128
116.412494	40.046147
116.412483	40.046207
116.412484	40.046251
116.412491	40.046272
116.412499	40.046292
116.412503	40.046317
116.412485	40.046363
116.412467	40.046419
116.412452	40.04645
116.412445	40.046481
116.412439	40.046509
116.412426	40.046549
116.412421	40.046586
116.412416	40.046628
116.412406	40.046666
116.412409	40.046707
116.412408	40.04675
116.412398	40.046799
116.412407	40.046867
116.412401	40.046939
116.412399	40.047008
116.412402	40.04708
116.412394	40.047158
116.412398	40.047251
116.412408	40.047336
116.412414	40.047437
116.412413	40.047538
116.412419	40.047652
116.412408	40.047757
116.412414	40.047879
116.412404	40.048
116.412406	40.048119
116.412389	40.048232
116.412384	40.048362
116.412375	40.048481
116.412364	40.048596
116.412341	40.048704
116.412318	40.048813
116.412304	40.048912
116.412277	40.049027
116.412258	40.04913
116.41223	40.049234
116.412208	40.049331
116.412188	40.049423
116.41217	40.049526
116.412142	40.049616
116.412129	40.049709
116.412101	40.049789
116.412081	40.04988
116.412059	40.049966
116.412045	40.05004
116.412026	40.050122
116.412015	40.050198
116.412016	40.050278
116.412012	40.050356
116.412003	40.050431
116.412008	40.050516
116.412008	40.050595
116.412017	40.050681
116.412032	40.050771
116.412038	40.050851
116.412048	40.050938
116.412065	40.05102
116.412089	40.051102
116.412117	40.051188
116.412155	40.05127
116.412203	40.05135
116.41224	40.051433
116.412286	40.051517
116.412343	40.051598
116.412391	40.05168
116.412439	40.051755
116.412491	40.051833
116.41255	40.051915
116.412607	40.051985
116.412645	40.052045
116.412696	40.05212
116.412751	40.052184
116.412789	40.052248
116.41283	40.05231
116.412879	40.052368
116.412917	40.052427
116.412965	40.052488
116.413	40.052545
116.413039	40.052606
116.413065	40.052662
116.413107	40.052709
116.41315	40.052765
116.413185	40.052813
116.413213	40.052858
116.413248	40.052899
116.413282	40.052942
116.41331	40.052984
116.413347	40.053036
116.413376	40.053072
116.413395	40.0531
116.413416	40.053129
116.413438	40.053167
116.413456	40.053194
116.413486	40.053226
116.413506	40.053262
116.413533	40.053301
116.413568	40.053342
116.413599	40.053399
116.413627	40.053451
116.413661	40.053507
116.413691	40.053576
116.41373	40.053641
116.413756	40.053719
116.413796	40.053796
116.413848	40.053885
116.41388	40.053985
116.413924	40.054075
116.413959	40.054176
116.413993	40.054273
116.414032	40.054382
116.414067	40.05449
116.414097	40.054607
116.414122	40.054729
116.414158	40.054849
116.41417	40.054969
116.414195	40.055105
116.414205	40.055233
116.414215	40.055364
116.41423	40.055496
116.414235	40.055625
116.41425	40.055748
116.414233	40.055852
116.414235	40.055954
116.41422	40.056061
116.414222	40.05616
116.414216	40.056252
116.414243	40.056346
116.414267	40.056424
116.414297	40.056494
116.414325	40.056562
116.414356	40.056643
116.414374	40.056709
116.414387	40.056777
116.41438	40.056843
116.414384	40.056904
116.414387	40.056972
116.414381	40.057036
116.41438	40.057076
116.414382	40.057109
116.414377	40.057141
116.414383	40.057199
116.414376	40.05723
116.414386	40.057268
116.414381	40.057303
116.414392	40.057346
116.414392	40.057389
116.414389	40.05743
116.41439	40.057463
116.414393	40.057508
116.414399	40.057553
116.414402	40.057588
116.414393	40.057632
116.414399	40.057674
116.414396	40.057716
116.414397	40.057757
116.414389	40.057799
116.414387	40.057829
116.414385	40.057856
116.414378	40.05789
116.414381	40.057916
116.414376	40.057949
116.41436	40.05798
116.414355	40.058019
116.414358	40.05806
116.414351	40.05809
116.414345	40.058129
116.414333	40.058164
116.414325	40.0582
116.414327	40.05824
116.414315	40.058274
116.414308	40.058308
116.414308	40.058343
116.414302	40.058392
116.414281	40.058452
116.414269	40.058509
116.414255	40.058566
116.414243	40.058624
116.414231	40.058686
116.414216	40.058749
116.414204	40.058813
116.414195	40.058876
116.414175	40.058944
116.414171	40.059018
116.414157	40.059095
116.414152	40.059164
116.414144	40.059234
116.414133	40.05931
116.414123	40.059374
116.414126	40.059439
116.414126	40.059494
116.414112	40.059541
116.414121	40.059586
116.414107	40.059621
116.414112	40.059643
116.414096	40.059705
116.414087	40.059764
116.414076	40.059789
116.414062	40.059829
116.414052	40.059869
116.414044	40.059923
116.414036	40.059965
116.414029	40.060011
116.414028	40.060049
116.414022	40.06009
116.414014	40.060126
116.414009	40.060167
116.414014	40.060214
116.414005	40.06026
116.414	40.060323
116.414	40.06039
116.41401	40.060443
116.414003	40.060508
116.414017	40.060566
116.414021	40.06062
116.414019	40.060671
116.414018	40.060717
116.414026	40.060767
116.414015	40.060808
116.414024	40.060861
116.414023	40.060916
116.414019	40.060971
116.414007	40.061034
116.414002	40.061098
116.413997	40.061164
116.413991	40.061237
116.413984	40.061314
116.413979	40.061391
116.413969	40.061471
116.413961	40.061562
116.413966	40.061648
116.413965	40.061733
116.413953	40.061824
116.413965	40.061912
116.413961	40.062007
116.413961	40.062096
116.413958	40.062186
116.413959	40.062289
116.413962	40.062386
116.413955	40.062477
116.413946	40.062579
116.413947	40.062673
116.41394	40.062768
116.413936	40.062863
116.413932	40.062957
116.413918	40.063048
116.413902	40.063148
116.413895	40.063235
116.413876	40.06333
116.413857	40.063423
116.413833	40.063513
116.413819	40.063606
116.413802	40.063694
116.41379	40.06379
116.413773	40.063888
116.413764	40.063995
116.413746	40.064101
116.413737	40.064216
116.413723	40.064332
116.413717	40.064443
116.413707	40.06455
116.413691	40.064652
116.413688	40.064763
116.413683	40.064869
116.413678	40.06498
116.413671	40.065079
116.413663	40.065179
116.413641	40.065285
116.413644	40.065385
116.413629	40.065489
116.413621	40.065593
116.413621	40.065707
116.413609	40.065815
116.4136	40.065925
116.413596	40.066028
116.41359	40.066124
116.413585	40.066221
116.413574	40.066317
116.413571	40.066399
116.41357	40.066467
116.413571	40.066526
116.413569	40.066576
116.413563	40.066631
116.413554	40.066676
116.413548	40.066727
116.413553	40.066773
116.413548	40.066823
116.413544	40.06687
116.41354	40.066915
116.413551	40.066973
116.413545	40.067038
116.413549	40.067103
116.413534	40.067174
116.413528	40.06724
116.413517	40.067304
116.413513	40.067371
116.413504	40.067441
116.413503	40.067511
116.4135	40.067578
116.413491	40.067647
116.413478	40.067703
116.413471	40.06776
116.41347	40.067814
116.413464	40.06786
116.413451	40.067904
116.413438	40.067931
116.413438	40.067962
116.413436	40.067982
116.413416	40.068032
116.413415	40.06807
116.4134	40.068102
116.413397	40.068135
116.413381	40.068177
116.413372	40.068209
116.413371	40.068234
116.413366	40.068255
116.413356	40.068285
116.413346	40.068309
116.413344	40.068341
116.413333	40.068368
116.413333	40.068389
116.413328	40.06841
116.413321	40.068445
116.413311	40.068471
116.413302	40.068493
116.413302	40.068538
116.413283	40.068582
116.413279	40.068633
116.413265	40.068697
116.413249	40.068756
116.413231	40.068809
116.41322	40.068877
116.413216	40.06895
116.413209	40.06902
116.413195	40.069101
116.413193	40.069181
116.413183	40.069265
116.413183	40.069344
116.413178	40.069433
116.41318	40.069518
116.413187	40.069605
116.413188	40.069702
116.413198	40.069793
116.413201	40.069894
116.41319	40.069997
116.413189	40.070107
116.413191	40.070221
116.413181	40.070323
116.413178	40.070431
116.413171	40.070535
116.413167	40.070643
116.413172	40.070758
116.413158	40.070865
116.413148	40.070976
116.413145	40.071093
116.413137	40.071213
116.413119	40.071334
116.413109	40.071451
116.413099	40.071567
116.413093	40.071678
116.413088	40.071788
116.41308	40.071887
116.413079	40.071979
116.413081	40.072065
116.413069	40.07215
116.413074	40.072237
116.41307	40.072327
116.413076	40.072404
116.413076	40.072479
116.413076	40.072558
116.413075	40.072629
116.413088	40.072699
116.413097	40.072764
116.413092	40.072827
116.41311	40.072887
116.413106	40.072939
116.413117	40.072983
116.413122	40.073027
116.413128	40.073075
116.413133	40.073116
116.41313	40.073167
116.413133	40.073213
116.413147	40.073268
116.41315	40.073316
116.413151	40.073378
116.413157	40.073428
116.413165	40.073486
116.413171	40.073543
116.413181	40.073608
116.413195	40.073666
116.413206	40.073737
116.413215	40.073811
116.413229	40.073889
116.413253	40.073966
116.413264	40.074035
116.41328	40.074118
116.413301	40.074201
116.413322	40.074275
116.413325	40.074352
116.413344	40.074426
116.413354	40.074492
116.413357	40.074551
116.413362	40.074599
116.413378	40.074645
116.413374	40.074681
116.41339	40.074727
116.413396	40.074765
116.413398	40.074791
116.413394	40.074823
116.413397	40.074851
116.4134	40.074874
116.413402	40.074899
116.413408	40.074922
116.413416	40.074946
116.413416	40.074966
116.413418	40.074993
116.41343	40.075013
116.413437	40.075036
116.413435	40.075071
116.413454	40.075108
116.413455	40.075153
116.413459	40.075189
116.413465	40.075218
116.413475	40.075256
116.413484	40.075281
116.413482	40.075295
116.413477	40.075314
116.413482	40.075366
116.413474	40.075411
116.413476	40.07547
116.413488	40.075524
116.413505	40.075576
116.413531	40.075623
116.413557	40.075675
116.413578	40.075714
116.413606	40.075763
116.413621	40.075813
116.413639	40.075865
116.41366	40.075914
116.413674	40.075978
116.413685	40.076032
116.413698	40.076091
116.413708	40.07616
116.413723	40.076225
116.413726	40.076297
116.413742	40.076372
116.413767	40.076449
116.413771	40.076535
116.413787	40.076611
116.4138	40.076698
116.413813	40.076781
116.413834	40.076875
116.41385	40.076973
116.413864	40.077086
116.413872	40.077208
116.413894	40.077324
116.413891	40.077441
116.41391	40.077571
116.413921	40.077699
116.41394	40.077827
116.413974	40.077952
116.413998	40.07807
116.414029	40.078175
116.414045	40.078277
116.41408	40.078368
116.414095	40.078456
116.414116	40.078522
116.414117	40.078572
116.414127	40.078606
116.414122	40.078631
116.414131	40.07865
116.414132	40.078678
116.414132	40.078711
116.414126	40.07875
116.414133	40.078793
116.414145	40.07884
116.414156	40.078893
116.414166	40.078948
116.414169	40.079002
116.414177	40.079064
116.414195	40.079123
116.414208	40.079184
116.41421	40.079245
116.414225	40.079306
116.414236	40.079377
116.414244	40.07944
116.41424	40.079516
116.414252	40.079604
116.414262	40.079685
116.414262	40.07977
116.414271	40.079864
116.414288	40.079951
116.414302	40.080051
116.414319	40.080145
116.414339	40.080249
116.414355	40.080351
116.414376	40.080457
116.41439	40.080572
116.414398	40.080686
116.414409	40.08081
116.414416	40.080935
116.414418	40.081057
116.414425	40.081177
116.414429	40.08129
116.414446	40.081412
116.414455	40.081516
116.414457	40.081628
116.414475	40.08174
116.414478	40.081849
116.414489	40.081946
116.41451	40.082055
116.414516	40.082164
116.414533	40.082262
116.414531	40.08236
116.414543	40.082459
116.414552	40.082553
116.414558	40.082635
116.414565	40.082724
116.414571	40.082802
116.414588	40.082881
116.414596	40.08297
116.414612	40.083056
116.414625	40.083138
116.414633	40.083229
116.414638	40.08332
116.414651	40.083414
116.41466	40.08349
116.414663	40.083558
116.414656	40.083616
116.414659	40.083672
116.414661	40.083717
116.414655	40.083769
116.414655	40.083821
116.414649	40.083871
116.414654	40.083923
116.414666	40.083982
116.414669	40.084034
116.414663	40.084083
116.414668	40.08412
116.414662	40.084147
116.41467	40.084174
116.414669	40.084199
116.414666	40.084233
116.414669	40.084267
116.41467	40.084309
116.414671	40.08436
116.41468	40.084416
116.414682	40.084468
116.41467	40.084529
116.414668	40.084577
116.414666	40.084626
116.414654	40.084678
116.414651	40.084714
116.414632	40.084752
116.414629	40.084789
116.414635	40.084822
116.414624	40.084855
116.414615	40.084889
116.414615	40.084907
116.414606	40.084932
116.414598	40.084952
116.414573	40.084999
116.414566	40.085043
116.414542	40.085101
116.414524	40.085166
116.414513	40.085231
116.414494	40.085302
116.414476	40.085381
116.414452	40.085471
116.41443	40.085556
116.414409	40.085639
116.41439	40.085726
116.414366	40.085808
116.414342	40.085893
116.414314	40.085964
116.414295	40.086037
116.414286	40.086104
116.414268	40.086177
116.414253	40.086244
116.414239	40.086307
116.414237	40.086376
116.414221	40.086438
116.41422	40.086492
116.414206	40.086546
116.414208	40.086587
116.414198	40.086614
116.414197	40.086639
116.414193	40.086666
116.41419	40.086734
116.414177	40.086781
116.414177	40.08684
116.414162	40.08696
116.414146	40.087059
116.414143	40.0871
116.414127	40.087158
116.41413	40.08718
116.414123	40.087212
116.414113	40.087242
116.414103	40.087266
116.414102	40.087301
116.414107	40.087333
116.414107	40.087347
116.414098	40.087409
116.414084	40.087483
116.414074	40.08752
116.414077	40.087531
116.414057	40.087574
116.414052	40.087595
116.414058	40.08762
116.414052	40.087636
116.414044	40.087654
116.414043	40.087661
116.414011	40.087704
116.41401	40.087743
116.414017	40.08775
116.41401	40.08782
116.414016	40.087848
116.414012	40.087865
116.413998	40.087894
116.414002	40.087923
116.41399	40.087949
116.413988	40.087959
116.413994	40.087976
116.413986	40.087989
116.413994	40.087993
116.413984	40.088
116.413987	40.088014
116.413991	40.088025
116.413992	40.088029
116.413992	40.088047
116.413989	40.088053
116.413995	40.088057
116.41399	40.088065
116.413993	40.088072
116.413993	40.08807
116.413988	40.088078
116.413987	40.088083
116.413992	40.088102
116.413989	40.088122
116.413988	40.088149
116.413979	40.088167
116.413982	40.088192
116.413988	40.088217
116.413983	40.088257
116.413985	40.088305
116.413975	40.088354
116.413973	40.088404
116.413973	40.088452
116.413972	40.088486
116.413965	40.088518
116.413969	40.088548
116.41396	40.088574
116.413965	40.088609
116.413959	40.08865
116.413951	40.088697
116.413948	40.088735
116.413943	40.088773
116.41394	40.088808
116.413946	40.08884
116.413947	40.088863
116.413934	40.088889
116.413939	40.088912
116.413939	40.088941
116.413946	40.08899
116.413928	40.089041
116.413926	40.089081
116.413923	40.08915
116.413914	40.089218
116.413902	40.089295
116.413894	40.089364
116.413885	40.089432
116.413873	40.089501
116.413869	40.089585
116.413867	40.089665
116.413858	40.089752
116.413851	40.089846
116.413843	40.089952
116.41383	40.090045
116.413823	40.090141
116.413803	40.090235
116.413791	40.090329
116.413787	40.090416
116.413777	40.090516
116.413767	40.09061
116.413758	40.090699
116.413747	40.090797
116.413741	40.090885
116.413726	40.090979
116.413723	40.091066
116.413726	40.091152
116.41371	40.091247
116.413705	40.091331
116.413695	40.091425
116.413684	40.091516
116.41368	40.09162
116.413675	40.091726
116.413668	40.091838
116.413656	40.091956
116.41366	40.092072
116.413644	40.092193
116.413647	40.092331
116.413637	40.092464
116.413632	40.092603
116.413637	40.092742
116.413629	40.092877
116.413628	40.093
116.413611	40.093115
116.413611	40.093226
116.413594	40.093341
116.413588	40.093448
116.413571	40.093563
116.413568	40.093677
116.413552	40.093794
116.41355	40.093918
116.413535	40.094045
116.413538	40.094185
116.413538	40.094321
116.413536	40.09447
116.413522	40.094613
116.413518	40.094763
116.413516	40.094923
116.413505	40.095086
116.413503	40.095241
116.413503	40.095397
116.41349	40.095562
116.413487	40.095729
116.41348	40.095892
116.413461	40.096063
116.413458	40.096238
116.413446	40.096411
116.41343	40.096592
116.413411	40.096779
116.413391	40.096962
116.413377	40.097146
116.413371	40.097328
116.413354	40.097517
116.413332	40.097695
116.413322	40.097875
116.413296	40.098062
116.413288	40.098243
116.413266	40.098429
116.413245	40.098615
116.413234	40.098801
116.413223	40.098983
116.413205	40.099161
116.413204	40.099342
116.413181	40.099521
116.413177	40.099694
116.413161	40.099873
116.413141	40.100042
116.413124	40.100221
116.413109	40.100407
116.413095	40.100598
116.413073	40.100777
116.413052	40.100968
116.413038	40.101147
116.413028	40.101331
116.413011	40.101509
116.412998	40.10169
116.412978	40.101864
116.412971	40.102027
116.412959	40.10218
116.412949	40.10232
116.412935	40.102461
116.41291	40.102582
116.4129	40.1027
116.412902	40.102812
116.412893	40.102909
116.412884	40.103005
116.412879	40.103087
116.412868	40.103167
116.412872	40.103239
116.41286	40.103315
116.412857	40.10339
116.412855	40.103446
116.412846	40.1035
116.412841	40.103554
116.412842	40.103585
116.412835	40.103615
116.412836	40.103632
116.412838	40.103648
116.412833	40.103657
116.412823	40.103703
116.41282	40.103738
116.412813	40.103754
116.412805	40.103786
116.412805	40.103817
116.412807	40.103862
116.412806	40.103908
116.412802	40.103965
116.412802	40.104013
116.412797	40.10407
116.412789	40.104131
116.412784	40.1042
116.412788	40.104272
116.412776	40.104339
116.412765	40.104428
116.412758	40.104519
116.412754	40.104609
116.412735	40.104712
116.412734	40.104808
116.412727	40.104909
116.41271	40.10501
116.412696	40.105117
116.412695	40.105233
116.412673	40.105345
116.41267	40.105471
116.412658	40.105598
116.412643	40.105725
116.412622	40.105865
116.412608	40.106006
116.412594	40.106149
116.412578	40.106303
116.412567	40.106459
116.412556	40.106618
116.412537	40.106774
116.41252	40.106937
116.412512	40.107094
116.412499	40.107253
116.412474	40.107419
116.412469	40.107587
116.412446	40.107766
116.412427	40.107936
116.412411	40.108099
116.412401	40.108275
116.412396	40.108443
116.412382	40.108602
116.412367	40.108764
116.412362	40.108901
116.412356	40.109035
116.412353	40.109166
116.412356	40.109295
116.412351	40.109422
116.41234	40.109561
116.412342	40.109688
116.412332	40.109822
116.412322	40.109958
116.412308	40.110093
116.412303	40.11023
116.412296	40.110366
116.412292	40.110508
116.412281	40.110649
116.412284	40.110787
116.412276	40.110918
116.412276	40.111058
116.412271	40.111198
116.412274	40.111335
116.412271	40.111471
116.412259	40.111607
116.41226	40.111753
116.412258	40.111895
116.412259	40.112046
116.41226	40.11219
116.412262	40.112341
116.412249	40.112494
116.412257	40.112641
116.412248	40.11279
116.412244	40.112934
116.41225	40.113085
116.412245	40.113228
116.412243	40.113373
116.412246	40.11351
116.412245	40.113647
116.412247	40.113786
116.412246	40.113926
116.412249	40.114056
116.412251	40.114182
116.412253	40.114308
116.412253	40.114424
116.412249	40.114545
116.412243	40.114657
116.412241	40.114775
116.41225	40.114883
116.412245	40.114992
116.412242	40.115095
116.412236	40.115194
116.412245	40.115296
116.412236	40.115396
116.412238	40.115489
116.412227	40.115591
116.412225	40.115685
116.412212	40.115775
116.412208	40.115864
116.4122	40.115956