116.411538	39.98848
116.411412	39.988481
116.41129	39.988466
116.411169	39.98846
116.411035	39.988459
116.410902	39.988458
116.410772	39.988455
116.410639	39.988449
116.4105	39.98845
116.410367	39.988449
116.410239	39.988448
116.410099	39.988439
116.409957	39.988446
116.40982	39.988441
116.409686	39.988427
116.40954	39.988434
116.409412	39.988435
116.409275	39.988436
116.409132	39.988433
116.408991	39.988428
116.408859	39.988427
116.408704	39.988419
116.408564	39.988421
116.408408	39.98842
116.408247	39.988413
116.408074	39.988414
116.407903	39.988417
116.407729	39.988415
116.407555	39.988417
116.407381	39.988413
116.407204	39.988411
116.40701	39.988413
116.406827	39.988423
116.406656	39.988428
116.40648	39.988432
116.406309	39.988436
116.406157	39.988434
116.405987	39.988442
116.405822	39.988436
116.405659	39.988427
116.4055	39.988434
116.405334	39.988433
116.405157	39.988432
116.404976	39.988433
116.404804	39.98843
116.404637	39.988426
116.404483	39.988424
116.404345	39.988425
116.404207	39.988425
116.404074	39.988435
116.403956	39.988434
116.403831	39.988439
116.403704	39.988442
116.40358	39.988447
116.403458	39.98845
116.403331	39.988455
116.403201	39.98846
116.403064	39.988466
116.402933	39.988468
116.402787	39.988465
116.402647	39.988467
116.4025	39.988474
116.402359	39.988482
116.40221	39.98849
116.402048	39.988495
116.401895	39.988501
116.401739	39.988502
116.401585	39.988512
116.401424	39.988505
116.40126	39.988497
116.401085	39.988495
116.400764	39.988485
116.400587	39.98848
116.400247	39.988458
116.400078	39.988447
116.399893	39.988445
116.399717	39.988436
116.399531	39.988436
116.399161	39.988419
116.39898	39.988416
116.398811	39.988407
116.398647	39.9884
116.398472	39.988399
116.39812	39.9884
116.39793	39.988408
116.397738	39.988407
116.39755	39.988412
116.397367	39.988412
116.397172	39.988414
116.396972	39.988411
116.396769	39.988409
116.396578	39.988418
116.396371	39.988424
116.396177	39.988425
116.395971	39.988435
116.39578	39.988443
116.395581	39.988441
116.395388	39.988438
116.395193	39.988429
116.395005	39.988419
116.394816	39.988395
116.39463	39.988381
116.394447	39.988358
116.394263	39.988331
116.394084	39.988301
116.393911	39.988272
116.393739	39.988261
116.393564	39.988238
116.393397	39.988221
116.39323	39.988206
116.393072	39.988196
116.392901	39.9882
116.392746	39.988205
116.392573	39.988227
116.392418	39.988243
116.392249	39.988264
116.392085	39.988274
116.391931	39.98827
116.39177	39.988255
116.391605	39.988247
116.391439	39.988228
116.391281	39.988214
116.391113	39.988203
116.390971	39.988192
116.390827	39.98819
116.390683	39.988187
116.390551	39.988182
116.390413	39.988172
116.390286	39.988149
116.390177	39.988148
116.390056	39.988139
116.389954	39.988134
116.389842	39.988137
116.389735	39.988137
116.389631	39.98813
116.389537	39.988134
116.38945	39.988137
116.389356	39.988127
116.389252	39.988129
116.389159	39.988124
116.389055	39.988117
116.388952	39.988111
116.388833	39.988112
116.388721	39.988108
116.38861	39.988104
116.388498	39.988103
116.388402	39.988094
116.388305	39.988095
116.388199	39.98809
116.388112	39.988092
116.388035	39.9881
116.387952	39.988101
116.387881	39.988118
116.387813	39.988135
116.387758	39.988164
116.38772	39.988207
116.387683	39.988252
116.38766	39.988306
116.387649	39.988374
116.387643	39.988449
116.387629	39.988523
116.387626	39.98859
116.387619	39.98866
116.387615	39.98873
116.387618	39.988807
116.387622	39.98889
116.387628	39.988974
116.387611	39.989058
116.387585	39.989143
116.387597	39.98924
116.387579	39.989325
116.387575	39.989413
116.387558	39.9895
116.387555	39.989607
116.387555	39.989706
116.38757	39.989807
116.387582	39.989906
116.38756	39.990014
116.387568	39.990121
116.387568	39.99023
116.387597	39.990337
116.387591	39.990454
116.387578	39.990587
116.387541	39.990718
116.387517	39.99086
116.387486	39.990998
116.38745	39.991146
116.387371	39.991302
116.387284	39.991475
116.387251	39.991621
116.387224	39.991778
116.387175	39.991952
116.387134	39.992118
116.387099	39.992266
116.387053	39.992423
116.387014	39.992571
116.386976	39.992709
116.38693	39.992837
116.386882	39.992951
116.386855	39.993086
116.386842	39.993224
116.386832	39.993366
116.386805	39.993525
116.386794	39.993662
116.386766	39.993809
116.386751	39.993946
116.386756	39.994064
116.386777	39.994184
116.386775	39.99429
116.386777	39.994405
116.386782	39.994518
116.386782	39.994619
116.386786	39.994731
116.386791	39.994835
116.386812	39.99494
116.386833	39.995056
116.386846	39.995166
116.38686	39.995269
116.38686	39.995373
116.386877	39.995487
116.386905	39.995608
116.38692	39.995732
116.38693	39.995857
116.386924	39.995988
116.386935	39.996125
116.386948	39.996252
116.386957	39.996491
116.386969	39.996605
116.386986	39.996705
116.386985	39.996795
116.387002	39.996877
116.387053	39.99701
116.387068	39.997042
116.387085	39.99706
116.387096	39.997056
116.387116	39.99706
116.387122	39.997058
116.387122	39.99706
116.387122	39.997063
116.387123	39.99706
116.38713	39.997065
116.387137	39.997065
116.387144	39.997074
116.38715	39.997087
116.387163	39.997103
116.387162	39.99712
116.387166	39.997149
116.387158	39.997183
116.387157	39.997211
116.387153	39.997234
116.38714	39.997252
116.387138	39.997268
116.387135	39.997271
116.38714	39.997275
116.387133	39.997285
116.387132	39.997282
116.387141	39.997288
116.387148	39.997306
116.387155	39.997328
116.387155	39.997358
116.387161	39.997397
116.38717	39.997433
116.387172	39.997477
116.387171	39.997514
116.387175	39.99756
116.387186	39.997609
116.387179	39.997671
116.387175	39.99773
116.38717	39.99779
116.387177	39.997857
116.38717	39.997917
116.387173	39.997967
116.387157	39.998029
116.387156	39.998084
116.387147	39.998137
116.387158	39.998194
116.387169	39.998258
116.387188	39.998328
116.387192	39.998397
116.387184	39.99847
116.387171	39.998539
116.387176	39.998615
116.387187	39.99869
116.387185	39.998764
116.387173	39.998848
116.387144	39.998926
116.387127	39.999014
116.387109	39.999105
116.387097	39.999194
116.387075	39.999294
116.38707	39.99939
116.387049	39.999493
116.387037	39.999591
116.386999	39.999701
116.386975	39.999807
116.386987	39.99991
116.386988	40.000013
116.386948	40.000121
116.386909	40.000211
116.386906	40.000302
116.386893	40.000381
116.38689	40.000454
116.38687	40.000533
116.386848	40.000611
116.386848	40.000689
116.386841	40.000768
116.386818	40.000837
116.386828	40.000916
116.386801	40.000999
116.386805	40.001085
116.386792	40.001177
116.386793	40.001263
116.386789	40.001335
116.386803	40.001422
116.386797	40.001517
116.386744	40.001598
116.386568	40.001673
116.386537	40.001739
116.386506	40.001792
116.386472	40.00184
116.386448	40.001874
116.386427	40.001893
116.386416	40.001902
116.386412	40.001912
116.386422	40.001913
116.386437	40.001921
116.386436	40.001922
116.386442	40.00193
116.386449	40.001944
116.386452	40.001949
116.386445	40.001944
116.38645	40.001941
116.386446	40.001944
116.386452	40.001946
116.38645	40.001945
116.386456	40.001941
116.386454	40.001938
116.386482	40.001984
116.386501	40.002011
116.386516	40.002046
116.386503	40.002085
116.386479	40.002118
116.386488	40.002167
116.386462	40.002199
116.386413	40.002229
116.386379	40.002266
116.386319	40.002295
116.386257	40.002311
116.38618	40.002317
116.386096	40.002318
116.386009	40.002314
116.385921	40.002317
116.385829	40.002311
116.385737	40.002306
116.385631	40.002287
116.385517	40.002284
116.385415	40.00227
116.385319	40.002257
116.385217	40.00224
116.385117	40.002232
116.385014	40.002215
116.384907	40.002201
116.384796	40.002192
116.384688	40.002185
116.384595	40.002176
116.384493	40.002153
116.384394	40.002148
116.384303	40.002146
116.38421	40.002131
116.384098	40.002126
116.384001	40.00211
116.383892	40.002101
116.383771	40.002088
116.383648	40.002083
116.383534	40.002081
116.383393	40.002068
116.38327	40.002071
116.383138	40.002068
116.383006	40.002056
116.38288	40.00204
116.382762	40.002027
116.382637	40.002014
116.382506	40.002005
116.382372	40.001991
116.382238	40.001974
116.382096	40.00195
116.381949	40.001939
116.381807	40.001923
116.381663	40.001903
116.381509	40.001885
116.381378	40.001876
116.381227	40.001869
116.381086	40.00186
116.380966	40.001846
116.380868	40.001846
116.38078	40.001838
116.380685	40.001823
116.380587	40.001821
116.380493	40.001811
116.380396	40.001803
116.380294	40.001795
116.380192	40.001793
116.380078	40.001784
116.37996	40.001786
116.379855	40.001774
116.379741	40.001763
116.379634	40.001755
116.379521	40.001747
116.379412	40.001745
116.379306	40.001754
116.379206	40.001752
116.379099	40.001751
116.379	40.001748
116.378892	40.00174
116.378793	40.001746
116.378688	40.001752
116.378586	40.001753
116.378496	40.001753
116.378393	40.001752
116.378293	40.001749
116.378201	40.001743
116.378106	40.00175
116.378005	40.001747
116.377901	40.001744
116.377794	40.00175
116.377694	40.001749
116.377577	40.001754
116.377465	40.001747
116.37737	40.001743
116.377263	40.00175
116.37718	40.001752
116.377107	40.001765
116.377053	40.001764
116.377016	40.001776
116.376987	40.001781
116.376955	40.001788
116.376917	40.001794
116.376896	40.001795
116.376849	40.00179
116.376818	40.001796
116.376762	40.001792
116.37671	40.001789
116.376667	40.001792
116.376608	40.001793
116.376547	40.001793
116.376465	40.001798
116.376406	40.001792
116.376341	40.001789
116.376291	40.001785
116.376241	40.001791
116.376218	40.001796
116.376189	40.001804
116.376176	40.001814
116.376159	40.001816
116.376153	40.001825
116.376145	40.001833
116.376141	40.001855
116.376137	40.001866
116.37615	40.001882
116.376164	40.001909
116.37617	40.001939
116.376176	40.001964
116.376167	40.002007
116.376162	40.002047
116.376168	40.002086
116.376177	40.002115
116.376182	40.002144
116.376203	40.002169
116.376209	40.002167
116.376213	40.002177
116.376199	40.002194
116.376193	40.002208
116.376192	40.002216
116.376192	40.002219
116.376161	40.002222
116.376153	40.002223
116.376138	40.002214
116.376137	40.002221
116.376133	40.002228
116.37614	40.002227
116.376136	40.002231
116.376111	40.00226
116.376102	40.002291
116.376078	40.002315
116.376043	40.002373
116.376038	40.002365
116.376038	40.002368
116.376045	40.002371
116.376042	40.002363
116.376042	40.002361
116.376047	40.002362
116.376042	40.002367
116.376037	40.002368
116.376039	40.00237
116.376044	40.002371
116.376034	40.002368
116.376032	40.002373
116.376042	40.002378
116.37604	40.002373
116.376037	40.002377
116.376009	40.002379
116.375971	40.002385
116.375968	40.002389
116.375951	40.002399
116.375941	40.002414
116.375926	40.002405
116.375907	40.002407
116.375902	40.002411
116.375901	40.002418
116.375897	40.002417
116.375902	40.002413
116.375895	40.002413
116.375893	40.00242
116.375893	40.002417
116.37589	40.002421
116.375891	40.00242
116.375889	40.002413
116.375882	40.002416
116.375893	40.002419
116.375884	40.002413
116.375891	40.002419
116.375861	40.002429
116.375855	40.002429
116.375848	40.002432
116.375843	40.002429
116.375845	40.002433
116.37585	40.002431
116.375846	40.002432
116.375846	40.002429
116.375846	40.002434
116.375837	40.002432
116.375845	40.002435
116.375836	40.002428
116.375827	40.002437
116.375822	40.002434
116.375814	40.002438
116.375814	40.002437
116.375822	40.002438
116.37582	40.002439
116.37582	40.002439
116.375811	40.002433
116.375821	40.002438
116.375822	40.00244
116.375817	40.002435
116.375812	40.002439
116.375813	40.002438
116.375799	40.002442
116.375797	40.002442
116.375803	40.002443
116.375798	40.002439
116.375794	40.002445
116.375799	40.002442
116.375802	40.002439
116.375793	40.002439
116.375794	40.002447
116.37579	40.002446
116.375793	40.002447
116.375798	40.00244
116.375798	40.002443
116.3758	40.002441
116.3758	40.002441
116.375813	40.002428
116.375828	40.002419
116.375824	40.002415
116.375821	40.00242
116.375818	40.002424
116.375813	40.002424
116.37581	40.002422
116.375803	40.00242
116.375809	40.002427
116.375806	40.002426
116.375807	40.002424
116.375805	40.002428
116.375802	40.002424
116.375801	40.00242
116.375805	40.002426
116.375806	40.002427
116.37581	40.002429
116.375808	40.002439
116.375809	40.002446
116.375795	40.002446
116.375796	40.002447
116.375782	40.00244
116.375775	40.002433
116.375778	40.002425
116.375772	40.002428
116.375764	40.002426
116.375766	40.002429
116.375766	40.002428
116.375765	40.002432
116.375769	40.002432
116.375758	40.002428
116.375758	40.002431
116.375758	40.002433
116.375767	40.002431
116.375763	40.002435
116.375766	40.002428
116.375754	40.002429
116.375761	40.002429
116.375752	40.002436
116.375757	40.002436
116.375753	40.002429
116.375758	40.002432
116.375757	40.002433
116.375757	40.002435
116.37576	40.002434
116.375764	40.002437
116.375756	40.002434
116.375756	40.00243
116.375759	40.002438
116.375759	40.002431
116.375762	40.002432
116.375766	40.002429
116.375756	40.002434
116.375766	40.002431
116.375757	40.002435
116.375763	40.00243
116.375723	40.002454
116.375689	40.002472
116.375676	40.002473
116.375681	40.002454
116.375678	40.002447
116.375668	40.002454
116.375684	40.002444
116.375684	40.002443
116.375694	40.00244
116.375687	40.002441
116.375688	40.002439
116.37569	40.002441
116.375696	40.002437
116.375702	40.002431
116.375701	40.002433
116.375699	40.002434
116.375699	40.002428
116.375709	40.002429
116.375712	40.002422
116.375711	40.002418
116.375716	40.002416
116.375712	40.002419
116.375714	40.002415
116.375716	40.002416
116.375716	40.002423
116.375708	40.002418
116.375713	40.002419
116.375703	40.002428
116.375703	40.002435
116.375696	40.002431
116.3757	40.002435
116.375703	40.002432
116.375693	40.002436
116.375691	40.002437
116.375689	40.002438
116.37569	40.002439
116.37568	40.00245
116.375668	40.00246
116.375666	40.00247
116.375666	40.002478
116.375658	40.002495
116.375668	40.002516
116.375667	40.00255
116.375673	40.002589
116.375678	40.00264
116.375682	40.002683
116.375684	40.002715
116.375696	40.002757
116.375703	40.002792
116.375672	40.002846
116.375654	40.002929
116.3756	40.003024
116.375565	40.003113
116.37553	40.003199
116.375512	40.003275
116.375524	40.003332
116.375518	40.003397
116.375511	40.003455
116.375508	40.003525
116.375504	40.003593
116.375501	40.003679
116.375501	40.003755
116.375497	40.003842
116.375488	40.003923
116.375479	40.004018
116.375467	40.00411
116.375453	40.004212
116.375437	40.004313
116.375439	40.004413
116.375442	40.004519
116.375446	40.004617
116.375448	40.004718
116.375461	40.004809
116.375475	40.004863
116.375468	40.004918
116.37547	40.004955
116.375433	40.005012
116.375412	40.005051
116.375405	40.005089
116.375412	40.005149
116.375405	40.005206
116.375423	40.005282
116.375431	40.005349
116.375436	40.005404
116.375439	40.005462
116.375464	40.005519
116.375491	40.005565
116.375521	40.005613
116.375572	40.005655
116.375617	40.005694
116.375638	40.005735
116.375642	40.005788
116.375636	40.005857
116.375619	40.005943
116.375623	40.006021
116.375627	40.006107
116.375588	40.006227
116.375555	40.006347
116.375511	40.006459
116.375502	40.006575
116.375497	40.006683
116.375474	40.006775
116.375442	40.006865
116.375416	40.006946
116.37535	40.007044
116.375318	40.007121
116.375276	40.007193
116.375239	40.007275
116.375187	40.007365
116.375166	40.007446
116.375157	40.007546
116.375139	40.007634
116.375127	40.007719
116.375117	40.007802
116.3751	40.007882
116.375087	40.007965
116.375097	40.008066
116.375107	40.008158
116.375095	40.008262
116.375101	40.008365
116.375108	40.008471
116.375126	40.008578
116.375137	40.008684
116.375146	40.00877
116.37517	40.008825
116.375186	40.008864
116.375178	40.008919
116.375154	40.008973
116.375087	40.009045
116.375053	40.009086
116.375044	40.00908
116.375011	40.009119
116.375017	40.009125
116.37502	40.009117
116.375009	40.009125
116.375031	40.009107
116.375035	40.009089
116.375039	40.009078
116.375046	40.009067
116.375056	40.009055
116.375056	40.009044
116.375066	40.009019
116.375068	40.009003
116.375084	40.009004
116.375083	40.008995
116.375115	40.009009
116.375122	40.00902
116.375136	40.009029
116.375155	40.009038
116.375188	40.009057
116.375212	40.009089
116.37523	40.009111
116.375237	40.009133
116.375256	40.009148
116.37526	40.009166
116.375271	40.009183
116.375268	40.009189
116.375279	40.009204
116.375288	40.00923
116.375304	40.009241
116.375317	40.009253
116.37533	40.009263
116.375336	40.009271
116.375332	40.009292
116.375315	40.009292
116.375322	40.009297
116.375324	40.009297
116.375334	40.009297
116.375308	40.00931
116.375316	40.009312
116.375315	40.009309
116.375319	40.009321
116.375321	40.00934
116.375324	40.009355
116.375337	40.009367
116.375345	40.009382
116.375334	40.009404
116.375315	40.009409
116.375317	40.009409
116.37531	40.009415
116.37532	40.009409
116.375313	40.009407
116.375289	40.009412
116.375276	40.009418
116.375269	40.009418
116.375273	40.009415
116.375275	40.00941
116.37526	40.009406
116.375254	40.009406
116.37524	40.009408
116.375241	40.009395
116.375251	40.009396
116.375262	40.009401
116.37529	40.009404
116.375289	40.009411
116.375291	40.009422
116.375284	40.009418
116.375276	40.009422
116.375254	40.009428
116.375244	40.009435
116.37524	40.009448
116.375247	40.00945
116.375259	40.009446
116.37527	40.009451
116.375271	40.009453
116.375263	40.009449
116.37526	40.00945
116.375277	40.009456
116.375274	40.009478
116.375265	40.009503
116.375266	40.009527
116.375262	40.009564
116.375261	40.009594
116.375246	40.009636
116.375246	40.009683
116.375244	40.009712
116.375226	40.009754
116.375219	40.009818
116.375219	40.009872
116.375203	40.009941
116.375191	40.01
116.37519	40.010069
116.375183	40.010138
116.375165	40.010212
116.375147	40.010291
116.375135	40.010361
116.375116	40.010445
116.375101	40.010527
116.37508	40.010623
116.375061	40.010724
116.375032	40.010811
116.375007	40.010912
116.374981	40.011001
116.37496	40.011104
116.374955	40.011216
116.374939	40.011333
116.37493	40.011447
116.374937	40.011571
116.374922	40.011702
116.37492	40.011819
116.374896	40.011939
116.374876	40.01207
116.374852	40.012198
116.374817	40.012312
116.374798	40.012435
116.374779	40.012555
116.37477	40.012675
116.374757	40.012786
116.37475	40.012885
116.37474	40.012993
116.374724	40.01312
116.374715	40.013238
116.374714	40.013349
116.374416	40.022483
116.374465	40.022475
116.374503	40.022482
116.374516	40.022479
116.374522	40.022481
116.374484	40.022472
116.374459	40.022462
116.374463	40.022456
116.374475	40.022446
116.374485	40.022451
116.374483	40.022448
116.374475	40.022451
116.374479	40.022451
116.374487	40.022447
116.374475	40.022452
116.374474	40.022448
116.37448	40.022445
116.374475	40.02245
116.374476	40.022445
116.374466	40.022452
116.374472	40.02245
116.374466	40.022451
116.37447	40.022451
116.374461	40.022451
116.374462	40.022447
116.374466	40.022448
116.374462	40.022445
116.374461	40.022444
116.374469	40.022447
116.374463	40.022444
116.374467	40.022447
116.374464	40.022447
116.374456	40.022443
116.374456	40.02245
116.374431	40.022436
116.374403	40.022423
116.37438	40.02241
116.374363	40.022402
116.374354	40.022378
116.374369	40.022348
116.37437	40.022321
116.374368	40.022314
116.374372	40.022307
116.374389	40.022293
116.374406	40.02228
116.374433	40.02225
116.374468	40.022229
116.374484	40.022206
116.374507	40.022187
116.374536	40.022189
116.374547	40.022195
116.374533	40.022199
116.374532	40.022186
116.37452	40.022184
116.374505	40.022188
116.374481	40.022199
116.374459	40.022201
116.374432	40.022233
116.374401	40.022268
116.374382	40.022314
116.374343	40.022375
116.374322	40.022437
116.37431	40.022506
116.374322	40.022556
116.374331	40.022603
116.374333	40.022632
116.374347	40.022662
116.374348	40.022718
116.374347	40.022766
116.374342	40.022832
116.374331	40.022927
116.374313	40.023034
116.374307	40.023134
116.374297	40.023236
116.374304	40.023337
116.3743	40.023453
116.374302	40.023584
116.374307	40.023704
116.374291	40.023822
116.374257	40.023944
116.374245	40.024066
116.374243	40.024184
116.374223	40.024319
116.374206	40.024432
116.374211	40.024554
116.374207	40.024682
116.374202	40.024809
116.374184	40.025058
116.374194	40.025305
116.37419	40.025443
116.374199	40.025576
116.374196	40.02572
116.374198	40.025853
116.374203	40.026114
116.374212	40.026252
116.374206	40.026403
116.374197	40.026542
116.374204	40.026668
116.374201	40.026904
116.374207	40.026999
116.374201	40.027074
116.374201	40.027147
116.3742	40.027216
116.37421	40.02733
116.37423	40.027392
116.374233	40.027453
116.374243	40.027509
116.374237	40.027576
116.374225	40.02765
116.374211	40.027716
116.374201	40.027791
116.374193	40.027861
116.374173	40.027917
116.374141	40.027985
116.374123	40.028045
116.374097	40.028106
116.374077	40.028162
116.374046	40.028226
116.374014	40.028277
116.373986	40.028317
116.373961	40.028353
116.373947	40.028377
116.373923	40.028416
116.373891	40.028451
116.373875	40.028488
116.373866	40.028526
116.373837	40.028554
116.373808	40.028595
116.373771	40.028638
116.373739	40.028682
116.373716	40.028731
116.373666	40.028775
116.373615	40.028822
116.37357	40.028867
116.373524	40.028918
116.373472	40.028968
116.373434	40.029008
116.373412	40.029042
116.373397	40.029076
116.373384	40.029112
116.373365	40.029144
116.373348	40.029178
116.373334	40.029208
116.373316	40.029234
116.373325	40.029259
116.373325	40.029285
116.373328	40.029299
116.373327	40.029298
116.373327	40.029296
116.373328	40.029293
116.373347	40.029294
116.373368	40.029289
116.373393	40.029279
116.37341	40.029274
116.373403	40.02927
116.373408	40.029282
116.373397	40.029294
116.373403	40.0293
116.373389	40.029302
116.373388	40.029312
116.373386	40.029317
116.373379	40.029325
116.373365	40.029337
116.373352	40.029352
116.373352	40.02935
116.373344	40.029344
116.373346	40.029328
116.373355	40.029291
116.373359	40.029266
116.373362	40.029256
116.373371	40.029263
116.373363	40.029262
116.373366	40.029263
116.373359	40.029267
116.373359	40.029266
116.373368	40.029277
116.373361	40.029294
116.373341	40.029311
116.373332	40.029352
116.373317	40.02939
116.373307	40.029434
116.373291	40.029487
116.373266	40.029526
116.373242	40.02958
116.373226	40.02964
116.373211	40.029701
116.373193	40.029769
116.373185	40.029823
116.373179	40.029876
116.373158	40.029932
116.373145	40.029987
116.373139	40.030044
116.373126	40.030101
116.373103	40.03018
116.373093	40.030255
116.373066	40.030343
116.373053	40.030379
116.37305	40.030432
116.373043	40.030487
116.37302	40.030532
116.372983	40.030625
116.372981	40.030656
116.37297	40.030687
116.372967	40.030723
116.372953	40.030756
116.372941	40.030825
116.372947	40.03085
116.372937	40.030881
116.372925	40.030909
116.372908	40.030933
116.372898	40.030965
116.372886	40.030997
116.372878	40.031038
116.372864	40.031085
116.372853	40.031137
116.372825	40.031193
116.372809	40.031254
116.372786	40.031321
116.372772	40.031383
116.372749	40.031429
116.372721	40.031462
116.372707	40.0315
116.372693	40.031533
116.372683	40.031571
116.372661	40.031611
116.372645	40.031656
116.372618	40.031709
116.372607	40.031766
116.372578	40.031828
116.372555	40.031882
116.372532	40.031945
116.372495	40.031998
116.372462	40.032052
116.37243	40.032104
116.372393	40.032161
116.372359	40.032218
116.372318	40.032271
116.372279	40.03233
116.37225	40.03239
116.372234	40.032453
116.372208	40.032508
116.372183	40.032559
116.37216	40.032601
116.372149	40.032642
116.372148	40.032673
116.372128	40.032707
116.372112	40.032734
116.372101	40.032755
116.372099	40.032783
116.372079	40.032809
116.372075	40.03283
116.372061	40.032861
116.372052	40.03289
116.372036	40.032906
116.372035	40.032923
116.372026	40.032951
116.372026	40.032975
116.372024	40.032995
116.372013	40.033016
116.371992	40.033032
116.37198	40.033051
116.371976	40.033072
116.371965	40.03309
116.371949	40.033127
116.371938	40.033151
116.371941	40.033175
116.371953	40.033193
116.371958	40.033196
116.371949	40.033201
116.37196	40.033215
116.371962	40.033244
116.371969	40.03327
116.371979	40.033302
116.371982	40.033329
116.371974	40.033364
116.371974	40.033396
116.371976	40.033439
116.37197	40.033486
116.371968	40.033532
116.371957	40.033593
116.371949	40.033652
116.371943	40.033709
116.371923	40.033768
116.371901	40.033821
116.371887	40.033888
116.371849	40.033955
116.371828	40.034013
116.371797	40.03408
116.371761	40.034143
116.371725	40.034194
116.371698	40.034257
116.371677	40.034318
116.371649	40.034374
116.371611	40.03444
116.371589	40.03451
116.371556	40.034583
116.371528	40.034659
116.371493	40.034739
116.371461	40.034815
116.371428	40.034891
116.371391	40.034975
116.371366	40.035054
116.371349	40.035145
116.371326	40.035236
116.371326	40.035335
116.371324	40.035437
116.371315	40.035524
116.371302	40.035617
116.371284	40.035705
116.371272	40.035786
116.371265	40.035872
116.371242	40.035947
116.371229	40.036018
116.371232	40.036089
116.37123	40.036164
116.371219	40.036237
116.371209	40.036302
116.371201	40.036363
116.371199	40.036418
116.371201	40.036479
116.371199	40.036529
116.371196	40.036578
116.371184	40.03662
116.371165	40.036654
116.371169	40.036683
116.37117	40.036712
116.371173	40.036723
116.371168	40.036734
116.371171	40.036742
116.371198	40.03672
116.371202	40.036723
116.371202	40.036719
116.371201	40.03671
116.371204	40.036701
116.371198	40.036704
116.371198	40.036695
116.371204	40.036694
116.3712	40.036686
116.371195	40.036688
116.371202	40.036677
116.371198	40.036678
116.371202	40.036677
116.371203	40.036668
116.371199	40.036662
116.371206	40.036665
116.371207	40.036662
116.3712	40.036653
116.371202	40.036655
116.371205	40.036646
116.371206	40.036639
116.371199	40.036624
116.371202	40.036626
116.371204	40.036638
116.371196	40.036646
116.371186	40.036667
116.371184	40.036689
116.371176	40.036713
116.371166	40.036746
116.371162	40.036777
116.371158	40.036805
116.371142	40.03684
116.371127	40.036882
116.371116	40.03693
116.371092	40.036981
116.37106	40.037028
116.371021	40.037074
116.370997	40.03712
116.370991	40.037171
116.370965	40.037217
116.370952	40.037283
116.370937	40.037345
116.370904	40.037412
116.370874	40.037477
116.370856	40.037542
116.370832	40.037609
116.370824	40.037681
116.370805	40.037759
116.370788	40.037839
116.370755	40.037923
116.370733	40.037999
116.370721	40.038095
116.370702	40.03819
116.370682	40.03829
116.370663	40.038385
116.370633	40.038476
116.370599	40.038563
116.370579	40.038666
116.370565	40.038752
116.37054	40.038825
116.370514	40.038878
116.370491	40.038923
116.370469	40.038959
116.370468	40.038994
116.370459	40.039026
116.370449	40.039054
116.370426	40.039086
116.370416	40.039106
116.370413	40.039126
116.370405	40.039135
116.37041	40.039148
116.370406	40.039147
116.370399	40.039152
116.370402	40.039147
116.370397	40.039145
116.370401	40.039146
116.370403	40.039147
116.370406	40.039148
116.370396	40.039147
116.370396	40.039151
116.370394	40.039156
116.370392	40.03917
116.370386	40.03919
116.370366	40.039196
116.370366	40.039199
116.370362	40.039209
116.37036	40.039207
116.370358	40.039213
116.370352	40.039226
116.370345	40.039225
116.370352	40.039225
116.370344	40.039225
116.370348	40.039234
116.370334	40.039273
116.370327	40.039288
116.370319	40.039291
116.370318	40.039299
116.370324	40.039295
116.370316	40.039302
116.370284	40.039307
116.370263	40.03932
116.370259	40.039326
116.370244	40.039338
116.370244	40.039332
116.370234	40.039341
116.370249	40.03935
116.370254	40.039363
116.370258	40.039369
116.370282	40.039378
116.370303	40.039385
116.370295	40.039385
116.370301	40.03939
116.370295	40.039399
116.370297	40.039407
116.370308	40.039436
116.370317	40.039464
116.370324	40.039487
116.370321	40.039513
116.370326	40.039532
116.370326	40.039552
116.370329	40.039571
116.370324	40.039588
116.370326	40.039595
116.370326	40.039597
116.370328	40.039606
116.37034	40.039607
116.370332	40.039603
116.37033	40.039605
116.370339	40.039604
116.370331	40.039605
116.370338	40.039604
116.37034	40.039611
116.37034	40.039604
116.37033	40.039606
116.370337	40.039606
116.370331	40.039623
116.370317	40.039642
116.370315	40.039654
116.370314	40.039662
116.370313	40.039673
116.370313	40.039683
116.370312	40.039688
116.370307	40.039699
116.370304	40.039707
116.370298	40.039701
116.37032	40.039705
116.370317	40.039707
116.370313	40.039704
116.37032	40.039702
116.370313	40.039693
116.370324	40.039694
116.370323	40.039692
116.370317	40.039691
116.370326	40.039688
116.370318	40.039678
116.370323	40.039677
116.37033	40.039676
116.370327	40.039667
116.370322	40.039671
116.37033	40.039661
116.370346	40.039652
116.370375	40.039639
116.370392	40.039622
116.370412	40.039601
116.370416	40.039593
116.370413	40.039599
116.370399	40.039607
116.370406	40.039619
116.370395	40.039623
116.370398	40.039622
116.370379	40.039632
116.370378	40.039634
116.370373	40.039634
116.370371	40.039664
116.370346	40.039682
116.370344	40.03971
116.370339	40.039731
116.370336	40.03974
116.370328	40.039758
116.370323	40.039772
116.370317	40.039775
116.370307	40.039787
116.370297	40.039803
116.370289	40.039811
116.370283	40.0398
116.370287	40.039791
116.3703	40.039769
116.370312	40.039744
116.370321	40.039725
116.370357	40.039681
116.370348	40.039673
116.370372	40.039658
116.370369	40.039655
116.370369	40.039669
116.370362	40.039675
116.370344	40.039684
116.370343	40.039686
116.370336	40.039717
116.370332	40.039721
116.370331	40.039736
116.370324	40.039736
116.370317	40.039754
116.370313	40.039757
116.370299	40.039767
116.370286	40.039767
116.370268	40.039773
116.370258	40.039765
116.370241	40.039763
116.370213	40.03976
116.370188	40.039777
116.37016	40.039789
116.370127	40.039794
116.370113	40.039783
116.370102	40.039783
116.370089	40.039776
116.370078	40.039762
116.370047	40.039754
116.370027	40.039744
116.370032	40.039714
116.370036	40.039696
116.370034	40.039671
116.370037	40.039645
116.370041	40.039641
116.370054	40.039639
116.370053	40.039653
116.370071	40.039657
116.370097	40.039653
116.370107	40.039651
116.370131	40.039638
116.370142	40.039636
116.37015	40.039627
116.370172	40.039624
116.370198	40.039622
116.370213	40.039629
116.370207	40.039643
116.370213	40.039645
116.370204	40.03964
116.370212	40.039647
116.370209	40.039666
116.37022	40.039686
116.370241	40.039711
116.370247	40.039724
116.370264	40.039731
116.370263	40.039751
116.370286	40.039775
116.370302	40.0398
116.370328	40.039808
116.370351	40.039777
116.370366	40.039761
116.370359	40.039757
116.370369	40.03976
116.370371	40.03975
116.370377	40.039756
116.370373	40.039753
116.370375	40.039755
116.370383	40.039756
116.370386	40.039752
116.37038	40.039747
116.370361	40.039738
116.370371	40.039741
116.370371	40.039742
116.370368	40.039747
116.370365	40.039747
116.370348	40.039768
116.370342	40.039778
116.370334	40.039797
116.370321	40.039808
116.370314	40.039825
116.370288	40.039854
116.370287	40.039878
116.370268	40.039906
116.370251	40.039929
116.370241	40.039954
116.370228	40.039975
116.370209	40.039993
116.370212	40.040009
116.370192	40.040024
116.370192	40.040036
116.370183	40.040051
116.370151	40.040051
116.37015	40.040055
116.370159	40.040052
116.370152	40.040052
116.370154	40.040058
116.37015	40.040055
116.370153	40.040068
116.370156	40.040076
116.370162	40.040082
116.37016	40.040086
116.370167	40.040084
116.370174	40.040079
116.370174	40.040082
116.370164	40.040079
116.370165	40.040081
116.370173	40.040088
116.370165	40.040091
116.370164	40.040092
116.370157	40.040094
116.370167	40.04009
116.370159	40.040094
116.370164	40.040098
116.370164	40.040091
116.370158	40.040092
116.370157	40.0401
116.370159	40.040096
116.370154	40.040101
116.370157	40.040101
116.370156	40.040106
116.370158	40.040103
116.370148	40.040103
116.370157	40.040108
116.370152	40.040114
116.370144	40.040123
116.370145	40.040126
116.37013	40.04013
116.370132	40.040146
116.370129	40.04015
116.370116	40.040162
116.37012	40.040174
116.370106	40.040177
116.370105	40.040173
116.37011	40.04018
116.370096	40.040186
116.370098	40.040184
116.370091	40.040193
116.370089	40.040191
116.370092	40.040194
116.370089	40.040196
116.370089	40.04021
116.370104	40.040203
116.370098	40.040212
116.370102	40.040212
116.370102	40.040207
116.370098	40.040211
116.370097	40.040209
116.370105	40.040212
116.370105	40.040215
116.37011	40.040214
116.370122	40.040219
116.370132	40.040214
116.370142	40.040218
116.370162	40.040224
116.370173	40.040227
116.370189	40.040229
116.370205	40.040238
116.370213	40.040245
116.370218	40.040242
116.370225	40.040243
116.370216	40.040246
116.370205	40.040242
116.370208	40.040234
116.370214	40.040243
116.370221	40.040243
116.370214	40.040239
116.370201	40.04026
116.3702	40.040273
116.370191	40.040283
116.370177	40.040295
116.370182	40.040304
116.370169	40.040321
116.370155	40.040324
116.370144	40.040332
116.370143	40.040354
116.370145	40.040371
116.370135	40.040378
116.370121	40.040396
116.370121	40.040415
116.370111	40.040436
116.370099	40.040456
116.370092	40.040477
116.370085	40.040496
116.370076	40.040525
116.370081	40.040539
116.370075	40.040553
116.370067	40.040567
116.370057	40.04057
116.370057	40.040572
116.370057	40.04057
116.370055	40.040584
116.370042	40.040602
116.370042	40.040626
116.370026	40.04065
116.370017	40.040681
116.370002	40.040708
116.369996	40.040734
116.369985	40.040759
116.369968	40.04078
116.369959	40.040812
116.369946	40.040836
116.369938	40.040856
116.369931	40.040865
116.36993	40.040878
116.369918	40.040888
116.369931	40.040892
116.369921	40.0409
116.369911	40.040904
116.36991	40.04091
116.3699	40.040905
116.369897	40.040901
116.369901	40.040898
116.369898	40.040894
116.369899	40.040899
116.369902	40.040897
116.369907	40.040895
116.369909	40.040911
116.36992	40.040927
116.36993	40.040932
116.369945	40.040925
116.36995	40.040917
116.369948	40.040903
116.36996	40.040889
116.369973	40.040882
116.36999	40.040869
116.370008	40.040865
116.370015	40.040859
116.370022	40.040853
116.370031	40.040841
116.370039	40.040833
116.370053	40.040838
116.370049	40.04085
116.370046	40.040862
116.370041	40.040869
116.370042	40.040882
116.370032	40.040893
116.37003	40.040903
116.370029	40.040924
116.370016	40.040949
116.370006	40.040955
116.370003	40.04096
116.370006	40.040958
116.369996	40.040964
116.370005	40.040963
116.370004	40.040962
116.370004	40.040964
116.37	40.04097
116.369996	40.040971
116.369996	40.040972
116.370001	40.040974
116.370003	40.040975
116.370002	40.040973
116.369996	40.040974
116.370005	40.040972
116.37	40.040973
116.369997	40.040972
116.370003	40.040973
116.369992	40.040987
116.369974	40.041
116.369971	40.041024
116.369947	40.041051
116.369942	40.041073
116.369923	40.041108
116.369914	40.041109
116.369907	40.041118
116.369909	40.041142
116.369911	40.041156
116.369897	40.041174
116.369892	40.041199
116.369884	40.041208
116.369883	40.041216
116.369872	40.041227
116.369878	40.041224
116.369878	40.04123
116.36987	40.041227
116.369863	40.041242
116.36986	40.041256
116.369855	40.041272
116.369841	40.041291
116.369843	40.041303
116.369842	40.041317
116.36984	40.041312
116.369839	40.041321
116.369842	40.041317
116.369833	40.041322
116.369828	40.041328
116.369831	40.041327
116.36983	40.041332
116.369834	40.04133
116.369827	40.041322
116.36983	40.041336
116.369833	40.041334
116.369823	40.041332
116.369823	40.041339
116.369822	40.041355
116.36982	40.041382
116.369811	40.041407
116.369806	40.041429
116.36979	40.041441
116.369794	40.041459
116.369779	40.041477
116.369757	40.041501
116.369759	40.041509
116.36975	40.04153
116.369745	40.041538
116.369738	40.041562
116.369725	40.041582
116.369724	40.041606
116.369715	40.041637
116.36971	40.041662
116.369699	40.041677
116.369686	40.041699
116.369673	40.041716
116.369671	40.041739
116.369664	40.041756
116.369652	40.041779
116.369626	40.041795
116.369612	40.041813
116.369604	40.04182
116.369595	40.041829
116.369589	40.041843
116.36958	40.041838
116.369593	40.041832
116.36959	40.04183
116.369596	40.041835
116.369592	40.041828
116.369589	40.04184
116.369591	40.041853
116.369586	40.041862
116.369581	40.041878
116.369581	40.041892
116.369584	40.041903
116.369588	40.041909
116.369599	40.041908
116.369589	40.041914
116.369596	40.041911
116.369597	40.041908
116.369588	40.041911
116.369597	40.041912
116.36959	40.04192
116.369588	40.041919
116.36959	40.04192
116.369597	40.041921
116.36959	40.041922
116.369586	40.041931
116.369594	40.041943
116.369591	40.041954
116.369596	40.041965
116.369594	40.041973
116.369592	40.041989
116.369577	40.041995
116.369573	40.041997
116.369577	40.042015
116.369561	40.042029
116.369546	40.042042
116.369528	40.04206
116.369519	40.042071
116.369506	40.042074
116.36951	40.042089
116.36951	40.042097
116.36951	40.042114
116.369509	40.042122
116.369511	40.042136
116.369507	40.042151
116.369496	40.042169
116.369498	40.042211
116.369503	40.042215
116.369507	40.042236
116.369506	40.042256
116.369505	40.042273
116.369505	40.042296
116.369502	40.042308
116.369485	40.042321
116.369483	40.042323
116.369488	40.042329
116.369479	40.042341
116.369481	40.042348
116.369475	40.042367
116.369468	40.042375
116.369465	40.042391
116.369463	40.042398
116.369459	40.042412
116.369456	40.042427
116.369467	40.042436
116.369465	40.042441
116.36948	40.042448
116.369478	40.042452
116.369482	40.042462
116.369493	40.042472
116.369492	40.042476
116.3695	40.042475
116.369484	40.04248
116.369493	40.042482
116.369491	40.042492
116.369491	40.042491
116.369496	40.04249
116.36949	40.042486
116.369492	40.042485
116.36949	40.042486
116.369488	40.042495
116.36948	40.042506
116.369471	40.042523
116.36946	40.042534
116.36946	40.042556
116.369461	40.042576
116.36946	40.042593
116.369452	40.042617
116.369442	40.042631
116.369446	40.042651
116.369446	40.042667
116.369448	40.042684
116.369431	40.042713
116.369427	40.042736
116.369409	40.04276
116.369407	40.042775
116.369391	40.042792
116.369384	40.042802
116.369394	40.042806
116.36939	40.04281
116.36937	40.042827
116.369349	40.042833
116.369338	40.042849
116.36932	40.042859
116.369311	40.042867
116.369299	40.042878
116.369286	40.04289
116.369284	40.042902
116.369269	40.042917
116.369255	40.042922
116.369249	40.042939
116.369223	40.04295
116.369214	40.042955
116.369204	40.042963
116.369202	40.042962
116.369198	40.042955
116.369197	40.042959
116.369191	40.042972
116.369167	40.042972
116.369138	40.042992
116.369115	40.042997
116.369097	40.043009
116.369087	40.043014
116.369088	40.043015
116.369083	40.043019
116.369075	40.043031
116.369073	40.04303
116.369061	40.043044
116.369044	40.04305
116.369041	40.043058
116.369039	40.043074
116.369026	40.043081
116.369011	40.043094
116.368996	40.043097
116.368989	40.043101
116.368982	40.043119
116.368956	40.043128
116.368934	40.04314
116.368929	40.04315
116.368924	40.043163
116.368904	40.043177
116.36889	40.04319
116.368881	40.043204
116.368872	40.043215
116.368867	40.043225
116.368861	40.043229
116.368867	40.043231
116.368864	40.043241
116.368858	40.043246
116.368857	40.043254
116.368852	40.043261
116.368844	40.043267
116.368852	40.043279
116.368845	40.043282
116.368849	40.043287
116.368848	40.043291
116.368842	40.043301
116.368859	40.043319
116.368852	40.043331
116.368862	40.043335
116.368861	40.043341
116.368856	40.043356
116.36885	40.043366
116.368831	40.043393
116.368811	40.043419
116.3688	40.043449
116.368778	40.043469
116.368761	40.043505
116.368757	40.043532
116.368753	40.043568
116.368754	40.043603
116.368758	40.043644
116.368765	40.043672
116.368771	40.043706
116.368781	40.04374
116.368792	40.043776
116.368809	40.043818
116.368808	40.04391
116.368802	40.043974
116.368794	40.044037
116.368783	40.044085
116.368738	40.044198
116.368719	40.044253
116.368702	40.044319
116.368674	40.044384
116.36864	40.044449
116.36858	40.044598
116.368551	40.044676
116.368508	40.044757
116.368477	40.044847
116.368436	40.04494
116.368391	40.045042
116.368352	40.045139
116.368311	40.045244
116.368268	40.045353
116.36823	40.045463
116.368191	40.045567
116.368135	40.045682
116.368089	40.04579
116.368052	40.0459
116.368004	40.04602
116.367963	40.046133
116.367901	40.046254
116.367848	40.046379
116.367801	40.046502
116.367737	40.046626
116.367678	40.046754
116.367621	40.046878
116.367558	40.047017
116.367501	40.047146
116.367446	40.047281
116.367383	40.047418
116.367323	40.047558
116.367249	40.047695
116.367192	40.047843
116.367132	40.047981
116.367064	40.048121
116.36701	40.048271
116.366947	40.04841
116.366881	40.048552
116.366815	40.048689
116.366754	40.04883
116.366684	40.04896
116.366633	40.049092
116.366574	40.049215
116.36652	40.049336
116.366467	40.049453
116.366423	40.049581
116.366365	40.049697
116.366321	40.049811
116.366281	40.049925
116.366237	40.050036
116.366193	40.050138
116.366147	40.050241
116.366108	40.050341
116.366061	40.050431
116.366029	40.050526
116.365985	40.05061
116.365944	40.050695
116.365907	40.050773
116.365872	40.05084
116.365834	40.05092
116.365818	40.05098
116.365791	40.051048
116.365761	40.051124
116.365737	40.051217
116.365715	40.051298
116.365683	40.051384
116.365644	40.051466
116.365619	40.051538
116.365567	40.051613
116.365524	40.051697
116.365484	40.051782
116.365458	40.051871
116.365423	40.051967
116.365387	40.052058
116.365366	40.052155
116.365341	40.052267
116.365315	40.052371
116.365284	40.052481
116.365253	40.05259
116.365234	40.052702
116.365224	40.052814
116.365206	40.052928
116.365194	40.053049
116.365175	40.053172
116.36516	40.053301
116.36515	40.053427
116.365136	40.053557
116.365103	40.053682
116.365077	40.053812
116.365056	40.053947
116.365028	40.054093
116.364998	40.054228
116.364988	40.054368
116.364958	40.054509
116.364932	40.054649
116.364891	40.054793
116.364854	40.054934
116.364818	40.055081
116.364789	40.055216
116.364742	40.055363
116.364706	40.055508
116.364676	40.055653
116.364638	40.055801
116.364608	40.055949
116.36457	40.056097
116.364535	40.056246
116.3645	40.056395
116.36445	40.056554
116.364405	40.056711
116.364343	40.056876
116.364296	40.057039
116.364251	40.057201
116.364213	40.057354
116.364177	40.05751
116.364143	40.05766
116.364111	40.05782
116.364086	40.057977
116.364063	40.058134
116.364045	40.058274
116.364034	40.058421
116.364029	40.058566
116.364041	40.058715
116.364046	40.058858
116.36407	40.058998
116.364094	40.059122
116.364116	40.05926
116.364143	40.059391
116.364179	40.059504
116.364213	40.059605
116.364256	40.059702
116.364299	40.0598
116.364325	40.059879
116.36434	40.059936
116.364342	40.059964
116.364341	40.059991
116.364345	40.060003
116.364347	40.060011
116.364339	40.060024
116.36434	40.060032
116.364346	40.060046
116.364351	40.060054
116.364353	40.060069
116.364369	40.060098
116.364374	40.060125
116.36436	40.06015
116.364362	40.060164
116.36437	40.06016
116.36437	40.060162
116.364373	40.060164
116.364374	40.060163
116.36438	40.060152
116.364386	40.060149
116.364387	40.060152
116.364386	40.060146
116.364388	40.060148
116.364388	40.060149
116.364386	40.060151
116.364388	40.060149
116.364385	40.060151
116.364379	40.060154
116.364386	40.060151
116.364379	40.060152
116.364387	40.06015
116.364378	40.060142
116.364383	40.060149
116.364398	40.060153
116.364419	40.06016
116.364426	40.060168
116.364436	40.06018
116.364456	40.06019
116.364465	40.060219
116.364481	40.06024
116.364489	40.060267
116.364504	40.060294
116.364525	40.060323
116.364546	40.060367
116.364553	40.060402
116.364572	40.060436
116.364569	40.06046
116.364574	40.060496
116.364577	40.060533
116.364584	40.060566
116.364588	40.06061
116.364591	40.060645
116.364595	40.060681
116.364588	40.060715
116.364568	40.060741
116.364547	40.060781
116.364513	40.060808
116.364485	40.060844
116.364456	40.060871
116.364419	40.060891
116.364382	40.060913
116.36434	40.060929
116.36429	40.060954
116.364231	40.060985
116.364179	40.061013
116.364114	40.061041
116.364027	40.061078
116.363953	40.061103
116.363885	40.061129
116.363806	40.061163
116.363731	40.061198
116.363635	40.06124
116.363551	40.061286
116.363469	40.061323
116.363362	40.061355
116.363246	40.061389
116.363135	40.061418
116.363012	40.061463
116.362894	40.0615
116.362773	40.061541
116.362647	40.06158
116.362532	40.061623
116.362401	40.061664
116.362279	40.061717
116.362144	40.061758
116.362001	40.061798
116.361875	40.061851
116.361745	40.061894
116.361616	40.061943
116.361488	40.06198
116.36136	40.062019
116.361221	40.062054
116.361091	40.062107
116.36095	40.062153
116.36081	40.062199
116.360667	40.062234
116.36054	40.062279
116.360406	40.062316
116.360274	40.062354
116.360143	40.062396
116.360003	40.062425
116.359855	40.062454
116.359703	40.062493
116.359562	40.062534
116.359426	40.062565
116.35931	40.062591
116.359177	40.062607
116.359055	40.06262
116.358966	40.062626
116.358901	40.06262
116.358848	40.062634
116.358826	40.062638
116.358803	40.062644
116.358792	40.062641
116.358787	40.062649
116.35879	40.062647
116.358782	40.062651
116.358778	40.062648
116.358776	40.062651
116.358785	40.062648
116.358782	40.062652
116.35878	40.062649
116.358775	40.062645
116.358781	40.062646
116.358752	40.062654
116.358727	40.062655
116.358686	40.062659
116.358663	40.062656
116.358637	40.062646
116.358631	40.062634
116.358616	40.062614
116.358621	40.062602
116.358626	40.062591
116.358629	40.062601
116.358613	40.062605
116.358605	40.06262
116.358598	40.06264
116.358587	40.062662
116.358575	40.062671
116.35857	40.062676
116.358557	40.062687
116.358555	40.062671
116.358531	40.062664
116.358519	40.062656
116.358505	40.062658
116.358503	40.06265
116.358481	40.062649
116.358481	40.062635
116.358481	40.062632
116.358478	40.062638
116.358478	40.062636
116.358472	40.062642
116.358459	40.062663
116.358452	40.062669
116.358413	40.062705
116.358382	40.06274
116.358351	40.062801
116.358335	40.062814
116.358334	40.062833
116.358336	40.062847
116.358324	40.062869
116.358318	40.062888
116.358315	40.062908
116.358323	40.062916
116.358318	40.062911
116.358318	40.062921
116.358314	40.062919
116.358318	40.06292
116.358315	40.06292
116.358305	40.062932
116.358308	40.062933
116.358306	40.062942
116.358304	40.062949
116.358259	40.062984
116.358211	40.062997
116.358173	40.063021
116.358177	40.063038
116.358177	40.063047
116.35817	40.063051
116.358171	40.06305
116.358167	40.06305
116.358175	40.063048
116.358176	40.063079
116.358179	40.063099
116.358176	40.063115
116.358169	40.063132
116.358163	40.063154
116.358142	40.063178
116.358127	40.063199
116.358116	40.063224
116.358103	40.06325
116.358088	40.063261
116.358081	40.063274
116.358081	40.063284
116.358058	40.0633
116.358051	40.063324
116.35803	40.063343
116.358015	40.063359
116.358012	40.063369
116.358002	40.063384
116.357996	40.063403
116.357989	40.063412
116.357982	40.063434
116.357972	40.063451
116.357969	40.063458
116.357952	40.063456
116.357951	40.063469
116.357927	40.063486
116.357927	40.063487
116.357912	40.063496
116.357915	40.063516
116.35794	40.063537
116.357949	40.063552
116.357951	40.06358
116.357952	40.063589
116.357976	40.063606
116.357976	40.06363
116.357974	40.063649
116.357974	40.063661
116.357968	40.063687
116.357968	40.063704
116.357974	40.063724
116.357976	40.063746
116.357976	40.063769
116.35797	40.063784
116.357965	40.063799
116.357966	40.063809
116.357962	40.063821
116.357962	40.063832
116.357952	40.063838
116.357951	40.063844
116.35795	40.063852
116.357939	40.063857
116.357922	40.063859
116.357918	40.063867
116.357903	40.063869
116.357892	40.063873
116.357874	40.063881
116.357867	40.063886
116.357863	40.063888
116.35786	40.063904
116.35787	40.063919
116.357871	40.063924
116.357865	40.063927
116.357868	40.063946
116.357869	40.063951
116.357864	40.063967
116.35785	40.063975
116.357846	40.063992
116.357845	40.063989
116.357848	40.064
116.357852	40.064003
116.357847	40.064
116.35784	40.064009
116.357842	40.06401
116.357837	40.064019
116.357841	40.064023
116.357833	40.064025
116.357826	40.064041
116.357821	40.064074
116.357804	40.064127
116.357783	40.064189
116.35777	40.064228
116.357756	40.064278
116.357754	40.064306
116.357754	40.064334
116.357751	40.064353
116.357752	40.064376
116.357744	40.064393
116.357745	40.064426
116.35774	40.064455
116.357739	40.064472
116.357732	40.06449
116.357719	40.064505
116.357718	40.064527
116.357712	40.064545
116.357715	40.064561
116.357718	40.06457
116.357718	40.064587
116.357708	40.064606
116.35772	40.06462
116.35771	40.064634
116.357705	40.064642
116.357715	40.064656
116.357709	40.064668
116.357709	40.064684
116.357711	40.064691
116.357719	40.064696
116.357722	40.064708
116.357721	40.064721
116.357723	40.06473
116.357726	40.064741
116.357722	40.06476
116.357717	40.064772
116.357707	40.064792
116.357698	40.064804
116.357696	40.064819
116.357709	40.064836
116.357705	40.064847
116.35771	40.064844
116.357708	40.064852
116.357707	40.064851
116.357701	40.06487
116.357688	40.064891
116.35766	40.064914
116.357649	40.064935
116.357636	40.064944
116.357638	40.064957
116.357621	40.064974
116.357614	40.06499
116.357598	40.065023
116.35756	40.06504
116.357549	40.065052
116.357531	40.06508
116.357519	40.0651
116.35749	40.065135
116.357468	40.065168
116.357461	40.065184
116.357456	40.065198
116.357433	40.06522
116.35745	40.065229
116.357442	40.065249
116.357446	40.065262
116.35743	40.065286
116.357432	40.065302
116.357439	40.065315
116.357438	40.065323
116.357434	40.06534
116.357427	40.065358
116.357438	40.065366
116.357441	40.065378
116.357469	40.06539
116.35748	40.065399
116.357489	40.065401
116.357512	40.065402
116.357528	40.065403
116.35753	40.065396
116.357549	40.065395
116.357552	40.065399
116.35757	40.065402
116.357579	40.065417
116.357581	40.065418
116.357586	40.065422
116.357592	40.065426
116.357609	40.065433
116.357612	40.065426
116.357618	40.065438
116.357632	40.06544
116.357642	40.065443
116.357645	40.065447
116.357648	40.065445
116.357654	40.065445
116.357657	40.065452
116.357667	40.065449
116.357669	40.065453
116.357681	40.065476
116.357708	40.065502
116.357737	40.065551
116.357754	40.065576
116.357813	40.065609
116.35784	40.065619
116.35785	40.065633
116.357881	40.065641
116.357906	40.065657
116.357931	40.065672
116.357949	40.065673
116.357963	40.065679
116.357986	40.065693
116.358006	40.065688
116.35804	40.065704
116.358071	40.065704
116.358097	40.065711
116.358114	40.06572
116.35813	40.065724
116.35814	40.065728
116.358145	40.065729
116.358169	40.065744
116.358185	40.065753
116.358208	40.065758
116.358247	40.065761
116.358256	40.06577
116.358288	40.065778
116.358317	40.065779
116.358355	40.065787
116.358382	40.065796
116.358407	40.065804
116.358415	40.065815
116.358445	40.065843
116.358459	40.065866
116.358491	40.065873
116.358504	40.065878
116.358522	40.0659
116.358538	40.065907
116.35855	40.065917
116.358555	40.065923
116.358561	40.065935
116.358585	40.065939
116.358603	40.065956
116.358629	40.065958
116.358646	40.065967
116.358663	40.065972
116.358679	40.065977
116.358706	40.066008
116.35872	40.066015
116.358776	40.066036
116.358788	40.066033
116.358808	40.066045
116.358831	40.066048
116.358847	40.066062
116.358895	40.066074
116.358915	40.066081
116.358922	40.066082
116.358931	40.066084
116.358958	40.066088
116.358989	40.06608
116.359012	40.066081
116.359039	40.066085
116.359047	40.066082
116.359057	40.066085
116.359073	40.066083
116.359092	40.066079
116.359123	40.066082
116.359153	40.06608
116.359194	40.066047
116.35921	40.066038
116.359227	40.066032
116.35924	40.066039
116.359244	40.066055
116.359239	40.066065
116.359247	40.066055
116.359262	40.066053
116.35928	40.066053
116.359285	40.066061
116.359287	40.066076
116.359299	40.066081
116.359301	40.066085
116.359306	40.066073
116.359323	40.066081
116.359339	40.066073
116.359343	40.066074
116.359339	40.066073
116.359336	40.066081
116.359348	40.066079
116.359337	40.066097
116.359339	40.066118
116.359332	40.066122
116.359336	40.06613
116.359351	40.066143
116.359366	40.066167
116.35937	40.066181
116.359389	40.066196
116.359405	40.066211
116.359428	40.066226
116.359457	40.06625
116.35947	40.066261
116.359477	40.066269
116.359473	40.066279
116.359481	40.066298
116.359491	40.06632
116.359498	40.066345
116.359502	40.066358
116.35951	40.06637
116.359507	40.066383
116.359529	40.066389
116.359535	40.066399
116.359547	40.066407
116.359566	40.066423
116.359579	40.066431
116.359594	40.066429
116.3596	40.066435
116.359598	40.06643
116.3596	40.066436
116.359603	40.066434
116.359596	40.066444
116.359589	40.066451
116.359599	40.066445
116.359589	40.066442
116.359567	40.066454
116.359545	40.066466
116.359533	40.066474
116.359508	40.066485
116.359484	40.066486
116.359466	40.066483
116.359433	40.066485
116.359395	40.066469
116.359355	40.066461