116.411792	40.103959
116.411939	40.103818
116.412052	40.103696
116.41213	40.1036
116.412269	40.103432
116.412322	40.103332
116.412383	40.103229
116.412426	40.103126
116.41246	40.102893
116.41246	40.102663
116.412452	40.102454
116.412437	40.102259
116.412438	40.102075
116.412436	40.101883
116.412426	40.101691
116.412416	40.101509
116.412403	40.101337
116.412399	40.101167
116.412404	40.100979
116.412406	40.1008
116.412412	40.100623
116.412434	40.100445
116.412447	40.100259
116.412473	40.100081
116.412503	40.099886
116.412525	40.099698
116.412556	40.099499
116.412581	40.099309
116.412598	40.099105
116.412616	40.098911
116.412642	40.098708
116.412647	40.098512
116.412671	40.098313
116.412681	40.098107
116.41269	40.097897
116.412716	40.097696
116.412731	40.097488
116.412755	40.097276
116.412759	40.097072
116.412769	40.096858
116.412785	40.096648
116.412806	40.096436
116.412816	40.096216
116.412844	40.096005
116.412857	40.095805
116.41287	40.095592
116.412864	40.095387
116.412871	40.095178
116.412871	40.094975
116.412876	40.094777
116.412798	40.094551
116.412726	40.094336
116.412681	40.094116
116.412642	40.093896
116.412604	40.093671
116.4126	40.093471
116.412613	40.093288
116.412617	40.093104
116.412645	40.092916
116.412681	40.092735
116.412714	40.092561
116.412749	40.092388
116.412787	40.092216
116.412836	40.092046
116.412871	40.09188
116.412908	40.09173
116.412938	40.091604
116.412941	40.091478
116.412936	40.091369
116.412934	40.091267
116.412943	40.091174
116.412952	40.091096
116.41296	40.091026
116.412961	40.09098
116.412951	40.09094
116.412957	40.090901
116.412955	40.090868
116.412961	40.090835
116.412968	40.090813
116.412962	40.090796
116.412962	40.090785
116.412973	40.090769
116.412988	40.090693
116.412991	40.090669
116.413004	40.090637
116.413009	40.090605
116.413018	40.090567
116.413023	40.09052
116.413038	40.090466
116.413046	40.090414
116.413056	40.09036
116.413077	40.090301
116.413088	40.090229
116.413106	40.090154
116.413118	40.090066
116.413121	40.089993
116.413134	40.089904
116.413145	40.089823
116.413148	40.089729
116.413165	40.089638
116.413163	40.089539
116.41317	40.089451
116.413155	40.089351
116.413152	40.089256
116.41316	40.089157
116.413158	40.089062
116.413162	40.088974
116.413155	40.088879
116.413155	40.088792
116.413164	40.088704
116.413168	40.088632
116.413168	40.088569
116.413173	40.088508
116.413173	40.088455
116.41318	40.088395
116.413178	40.08835
116.413175	40.088292
116.413543	40.088152
116.413531	40.088054
116.41353	40.087996
116.41355	40.087931
116.413564	40.087859
116.41358	40.087775
116.413593	40.087689
116.413604	40.087605
116.413609	40.087521
116.413617	40.087434
116.413619	40.087358
116.413636	40.087278
116.413648	40.087208
116.413665	40.087136
116.413676	40.087068
116.413675	40.086998
116.413688	40.086929
116.413687	40.086861
116.413693	40.0868
116.413695	40.08673
116.4137	40.086671
116.413702	40.086613
116.413715	40.086544
116.413713	40.08649
116.413729	40.086427
116.413727	40.086366
116.413734	40.086305
116.413735	40.086245
116.413741	40.086181
116.413663	40.086454
116.413742	40.086371
116.413707	40.086447
116.413714	40.086397
116.413723	40.086366
116.413724	40.086338
116.413728	40.086303
116.413742	40.086274
116.413738	40.086244
116.413749	40.086216
116.413756	40.086183
116.413761	40.086146
116.41376	40.086105
116.413768	40.086061
116.413778	40.08602
116.413784	40.085981
116.413793	40.085933
116.413813	40.085752
116.413835	40.085689
116.413869	40.0856
116.413909	40.085509
116.413937	40.085403
116.413961	40.085286
116.413995	40.085171
116.414021	40.085047
116.414049	40.08493
116.414075	40.0848
116.414102	40.084676
116.414123	40.08454
116.414147	40.084409
116.414169	40.084265
116.414194	40.084121
116.414201	40.083966
116.414212	40.083813
116.414234	40.083663
116.41425	40.083514
116.414261	40.083362
116.414076	40.083218
116.414027	40.083075
116.414139	40.082866
116.414181	40.082697
116.414191	40.082544
116.414198	40.082377
116.414204	40.082215
116.414193	40.082045
116.414182	40.081887
116.41416	40.081718
116.41414	40.081554
116.414105	40.081388
116.414085	40.081232
116.414062	40.081094
116.414048	40.080976
116.414046	40.080868
116.414047	40.080772
116.414041	40.080695
116.414039	40.080642
116.414039	40.080608
116.414038	40.080586
116.414019	40.080544
116.414012	40.080508
116.413988	40.080468
116.413976	40.080425
116.413959	40.080375
116.413936	40.080329
116.413918	40.080289
116.41391	40.080238
116.413897	40.080194
116.413881	40.080144
116.413866	40.080096
116.413862	40.080042
116.413853	40.079985
116.413846	40.079915
116.41383	40.079847
116.413826	40.07978
116.413823	40.079716
116.413806	40.07965
116.413802	40.079579
116.413796	40.079513
116.413791	40.079459
116.413791	40.079406
116.413778	40.079361
116.413783	40.079315
116.413765	40.079259
116.413761	40.079219
116.413762	40.07916
116.413747	40.079105
116.413741	40.079041
116.413725	40.07899
116.413723	40.078934
116.413715	40.078875
116.413707	40.078819
116.413705	40.078778
116.41369	40.078724
116.41369	40.078675
116.413683	40.078624
116.413667	40.078577
116.413659	40.078527
116.413656	40.078479
116.413654	40.078431
116.41364	40.078378
116.413639	40.078336
116.413631	40.078288
116.413624	40.078251
116.413617	40.0782
116.413609	40.078154
116.413602	40.078108
116.413593	40.078071
116.413585	40.077974
116.41358	40.077912
116.413584	40.077885
116.41358	40.077861
116.413576	40.077837
116.413578	40.077816
116.413578	40.077789
116.413579	40.077754
116.413574	40.077721
116.413572	40.077678
116.413568	40.077646
116.413567	40.077604
116.413555	40.077568
116.413556	40.07752
116.413533	40.077484
116.413504	40.077433
116.413473	40.077366
116.413456	40.077306
116.413431	40.077252
116.413428	40.077192
116.41342	40.07713
116.413418	40.077066
116.413412	40.077001
116.413395	40.076938
116.413385	40.07687
116.413362	40.076794
116.413341	40.076721
116.413318	40.076645
116.413288	40.076569
116.413271	40.076495
116.41325	40.076412
116.413228	40.076342
116.413214	40.076264
116.4132	40.076208
116.413197	40.076168
116.413179	40.076069
116.413168	40.075976
116.413159	40.075923
116.413153	40.075875
116.413137	40.075826
116.413122	40.075768
116.413112	40.07572
116.413103	40.07566
116.413076	40.0756
116.413056	40.075527
116.413035	40.075442
116.41301	40.075358
116.412974	40.075269
116.41295	40.075178
116.412923	40.075078
116.412899	40.074982
116.412864	40.074882
116.412843	40.074775
116.41281	40.074657
116.412784	40.07455
116.412758	40.074426
116.412732	40.074309
116.412695	40.074192
116.41266	40.074058
116.412639	40.073928
116.412612	40.073784
116.412584	40.073643
116.412562	40.073498
116.412541	40.073342
116.412507	40.073191
116.412487	40.073037
116.412463	40.072884
116.412447	40.07273
116.412425	40.072574
116.412423	40.072417
116.412412	40.072273
116.412401	40.072152
116.412396	40.072032
116.4124	40.071946
116.412406	40.071849
116.412416	40.071775
116.412419	40.071702
116.412427	40.071623
116.412437	40.071554
116.412445	40.07148
116.412445	40.071412
116.412456	40.071341
116.412464	40.071279
116.41246	40.071214
116.412458	40.07115
116.412462	40.071083
116.412463	40.071024
116.41246	40.070956
116.412457	40.070881
116.412467	40.070804
116.412464	40.070712
116.412463	40.070628
116.41247	40.070535
116.41249	40.070435
116.412498	40.070331
116.412511	40.07022
116.412521	40.070118
116.412534	40.070009
116.412542	40.069901
116.412559	40.069811
116.412566	40.06972
116.412573	40.06963
116.412586	40.069534
116.412593	40.069446
116.412603	40.069362
116.412613	40.069282
116.412627	40.069206
116.412636	40.069124
116.412654	40.069048
116.412665	40.068981
116.412669	40.068912
116.412686	40.068849
116.412703	40.068792
116.412713	40.068732
116.412722	40.068672
116.412727	40.068625
116.412729	40.068581
116.412737	40.068542
116.412741	40.068512
116.412752	40.068445
116.412755	40.068385
116.41276	40.068338
116.412761	40.06829
116.412767	40.068233
116.412769	40.068171
116.41277	40.068122
116.412782	40.06808
116.412779	40.068028
116.412786	40.067973
116.412778	40.067944
116.412786	40.067905
116.412785	40.067877
116.412794	40.067782
116.412796	40.067759
116.412802	40.067726
116.412797	40.067692
116.412797	40.067665
116.412803	40.067627
116.412805	40.067598
116.412809	40.067563
116.412813	40.067534
116.412815	40.0675
116.412825	40.067465
116.41283	40.067445
116.412836	40.067346
116.412853	40.067227
116.412862	40.067206
116.412862	40.067179
116.412869	40.06715
116.412863	40.067116
116.412873	40.067094
116.412869	40.067073
116.412872	40.067017
116.412877	40.066962
116.41288	40.06693
116.412878	40.066906
116.412877	40.066877
116.412885	40.066856
116.412878	40.066746
116.412874	40.066689
116.41289	40.066625
116.412889	40.066527
116.412893	40.066429
116.412882	40.066385
116.412888	40.066318
116.412889	40.066305
116.412891	40.066309
116.412881	40.066309
116.412884	40.0663
116.412891	40.066303
116.412891	40.0663
116.412888	40.066301
116.412891	40.066297
116.412893	40.066295
116.412889	40.06629
116.412894	40.066293
116.4129	40.066286
116.412899	40.066274
116.412902	40.066265
116.412906	40.066265
116.412906	40.066253
116.412915	40.066245
116.412912	40.066238
116.412913	40.066231
116.412919	40.066221
116.412919	40.066225
116.412919	40.066222
116.41292	40.066216
116.412917	40.066221
116.412919	40.066217
116.412908	40.06622
116.412909	40.066216
116.412918	40.066215
116.412909	40.066221
116.41291	40.066216
116.412907	40.066218
116.412902	40.066212
116.412904	40.066214
116.412903	40.066211
116.412898	40.066214
116.412891	40.066215
116.412899	40.066211
116.412887	40.066205
116.412892	40.06621
116.412883	40.066207
116.412881	40.066205
116.412889	40.066199
116.412886	40.066183
116.412892	40.066153
116.412883	40.066127
116.412893	40.066101
116.412888	40.066081
116.412895	40.066055
116.41289	40.066033
116.412898	40.066009
116.412894	40.065988
116.412903	40.065971
116.412898	40.065953
116.412906	40.065948
116.412913	40.065935
116.412917	40.065933
116.41291	40.065923
116.412916	40.065917
116.412925	40.065916
116.412925	40.065916
116.41293	40.065906
116.412937	40.065895
116.412936	40.065891
116.412944	40.065887
116.412951	40.06588
116.412946	40.065878
116.41296	40.065875
116.412964	40.065869
116.41297	40.065866
116.412974	40.065865
116.412977	40.06586
116.412985	40.065854
116.412999	40.065845
116.413001	40.065846
116.413	40.065837
116.41301	40.06583
116.413003	40.065833
116.413014	40.065828
116.41301	40.065825
116.413008	40.065809
116.413015	40.065789
116.413017	40.065759
116.413012	40.065724
116.413026	40.065686
116.41302	40.065645
116.413039	40.065541
116.413046	40.06548
116.41305	40.065405
116.413054	40.065336
116.413063	40.06528
116.41308	40.065232
116.413081	40.065178
116.413082	40.065143
116.413088	40.065104
116.413091	40.065073
116.413092	40.065041
116.413092	40.065009
116.413089	40.064969
116.413101	40.064916
116.413108	40.064865
116.413117	40.064806
116.413123	40.06475
116.413121	40.064677
116.413128	40.064612
116.413145	40.064548
116.413149	40.064483
116.413151	40.064439
116.413156	40.064401
116.413153	40.064374
116.413161	40.06431
116.41317	40.064262
116.413166	40.0642
116.413172	40.064118
116.413177	40.064062
116.413173	40.06402
116.413182	40.063986
116.413183	40.063952
116.413178	40.063917
116.413176	40.063883
116.413187	40.063857
116.413178	40.063805
116.413187	40.063757
116.413184	40.063716
116.413187	40.063692
116.413188	40.063671
116.413189	40.063649
116.413204	40.063599
116.413192	40.06354
116.413191	40.063512
116.413201	40.063475
116.413196	40.063443
116.413203	40.063414
116.413218	40.063384
116.413218	40.063358
116.413219	40.063335
116.413228	40.063289
116.413233	40.063235
116.413235	40.063217
116.413233	40.063211
116.413235	40.063209
116.413225	40.063203
116.413226	40.06319
116.413228	40.063191
116.413219	40.063188
116.413209	40.06319
116.413203	40.063188
116.413197	40.063188
116.413185	40.063185
116.413184	40.063191
116.413182	40.063187
116.413175	40.063181
116.413172	40.063177
116.41317	40.063181
116.413165	40.063168
116.413171	40.063152
116.413167	40.063133
116.41317	40.063113
116.413178	40.063091
116.413183	40.063083
116.413187	40.063067
116.413194	40.063049
116.413198	40.06304
116.413207	40.063023
116.413202	40.063013
116.413211	40.062996
116.413227	40.06298
116.413224	40.062972
116.413231	40.062952
116.413231	40.062939
116.41323	40.062918
116.413235	40.062905
116.413238	40.062888
116.413238	40.062878
116.413233	40.062868
116.413242	40.062852
116.413231	40.062831
116.413238	40.062815
116.413232	40.062787
116.413233	40.062754
116.413243	40.062715
116.413244	40.062623
116.413252	40.062565
116.413245	40.062521
116.413257	40.062487
116.413254	40.062465
116.41326	40.062376
116.413271	40.062323
116.413259	40.062279
116.413262	40.062262
116.413271	40.062231
116.413274	40.062215
116.413281	40.062197
116.41328	40.062187
116.413287	40.062175
116.413292	40.062159
116.413286	40.062149
116.413296	40.062137
116.413298	40.06212
116.4133	40.062108
116.413298	40.062098
116.413296	40.062084
116.413299	40.062069
116.41331	40.062051
116.413309	40.062042
116.413307	40.062025
116.413317	40.062009
116.413309	40.062003
116.413313	40.061975
116.41331	40.061963
116.413319	40.061909
116.41333	40.061882
116.413341	40.061851
116.413346	40.061831
116.413359	40.061807
116.413371	40.061782
116.413372	40.061763
116.413372	40.061749
116.413377	40.061729
116.413372	40.06171
116.413384	40.061686
116.413378	40.061667
116.413384	40.061653
116.413385	40.061631
116.413381	40.061618
116.413382	40.061611
116.413387	40.061585
116.413385	40.061562
116.413391	40.06153
116.413396	40.061497
116.413394	40.061459
116.4134	40.061426
116.413404	40.061392
116.413397	40.061355
116.413407	40.06132
116.413404	40.061283
116.413404	40.061244
116.413409	40.06121
116.4134	40.06118
116.413403	40.061163
116.413409	40.061136
116.413413	40.061126
116.41341	40.061117
116.413413	40.061066
116.41341	40.061037
116.413415	40.06101
116.413417	40.060971
116.413421	40.060945
116.413424	40.060906
116.413438	40.060865
116.41344	40.060831
116.413451	40.06079
116.413459	40.060735
116.413461	40.060688
116.413463	40.060639
116.413474	40.060603
116.413478	40.060565
116.413482	40.060531
116.413477	40.060492
116.413483	40.060458
116.41349	40.06042
116.413487	40.060403
116.41349	40.060393
116.413496	40.060346
116.413503	40.060312
116.413497	40.060286
116.413509	40.060268
116.41351	40.06022
116.413513	40.060162
116.413514	40.060142
116.413526	40.0601
116.413533	40.060075
116.413526	40.060062
116.413538	40.059981
116.413543	40.059947
116.413544	40.05992
116.413545	40.059897
116.413538	40.059874
116.413546	40.059819
116.41356	40.059791
116.413566	40.059738
116.413565	40.059728
116.413563	40.05971
116.413563	40.05967
116.413566	40.059646
116.413569	40.059621
116.413574	40.059601
116.413567	40.059565
116.41356	40.059508
116.413558	40.05948
116.413567	40.05946
116.413561	40.059435
116.413564	40.059405
116.413553	40.059381
116.413551	40.059354
116.413541	40.059323
116.413538	40.059296
116.413532	40.059272
116.413536	40.059251
116.413541	40.059225
116.413536	40.059206
116.413528	40.059185
116.413527	40.059172
116.413531	40.059163
116.413531	40.059153
116.413523	40.059151
116.413512	40.059139
116.413513	40.059132
116.413513	40.059117
116.413516	40.059093
116.413506	40.059073
116.413515	40.059046
116.413507	40.059028
116.413518	40.059002
116.413514	40.058986
116.413519	40.058968
116.413535	40.058949
116.41354	40.058932
116.413539	40.058922
116.413539	40.058904
116.413544	40.058901
116.413541	40.058891
116.413549	40.058876
116.413551	40.058866
116.41355	40.058853
116.413558	40.058838
116.413557	40.058825
116.413556	40.058805
116.413567	40.0588
116.413561	40.058787
116.413571	40.058773
116.413572	40.058767
116.413571	40.058753
116.41357	40.05873
116.413575	40.058717
116.413584	40.058704
116.413588	40.058679
116.41358	40.058664
116.413588	40.058645
116.413588	40.058624
116.413594	40.058607
116.41359	40.058596
116.413594	40.058579
116.413597	40.058562
116.413597	40.058552
116.413606	40.058535
116.413608	40.058526
116.4136	40.058513
116.413603	40.058505
116.413612	40.058503
116.413609	40.058492
116.41361	40.058489
116.413606	40.058485
116.413608	40.058483
116.413619	40.058487
116.413615	40.058483
116.413616	40.058482
116.413626	40.058481
116.413631	40.058485
116.413625	40.058488
116.413628	40.058488
116.413628	40.058488
116.413633	40.058488
116.413637	40.058491
116.413637	40.058492
116.413641	40.05849
116.413644	40.058487
116.413637	40.058484
116.413647	40.058486
116.413646	40.058494
116.413653	40.058494
116.413655	40.058494
116.413653	40.058499
116.41365	40.058499
116.413659	40.0585
116.413663	40.058498
116.413653	40.058496
116.413665	40.0585
116.413657	40.058502
116.413666	40.0585
116.413668	40.058497
116.41367	40.058501
116.413671	40.058496
116.413666	40.058501
116.413666	40.058497
116.413673	40.058498
116.413669	40.058491
116.413663	40.058498
116.413664	40.058494
116.413667	40.058497
116.413667	40.058494
116.413668	40.058496
116.413672	40.05849
116.413672	40.058489
116.413669	40.058491
116.41367	40.058492
116.413682	40.058491
116.413679	40.058483
116.413679	40.058485
116.413682	40.058486
116.413689	40.058477
116.413678	40.058482
116.413687	40.058479
116.413689	40.058479
116.413683	40.058476
116.413681	40.058474
116.413692	40.058479
116.413684	40.058474
116.413695	40.05848
116.413697	40.058482
116.413697	40.058479
116.413692	40.058484
116.413694	40.058486
116.413697	40.058484
116.413698	40.058489
116.413703	40.058492
116.413708	40.058494
116.413705	40.058491
116.413703	40.058497
116.41371	40.058494
116.413711	40.058489
116.413703	40.058488
116.413713	40.058486
116.413706	40.058491
116.413704	40.058488
116.413704	40.05848
116.41371	40.058487
116.413716	40.058487
116.413713	40.058481
116.413709	40.058487
116.413715	40.058486
116.413716	40.058488
116.41372	40.05849
116.413728	40.058493
116.413727	40.058493
116.413726	40.058503
116.41374	40.0585
116.413743	40.058504
116.413745	40.058506
116.413743	40.058506
116.413746	40.058506
116.413747	40.058504
116.413749	40.058506
116.413745	40.058507
116.413749	40.058506
116.413743	40.0585
116.413746	40.058501
116.413742	40.058504
116.413745	40.058502
116.413742	40.058499
116.413731	40.058494
116.413733	40.058497
116.413733	40.058496
116.413734	40.0585
116.41373	40.058494
116.413727	40.058493
116.413712	40.058495
116.41372	40.058493
116.413708	40.058494
116.413703	40.058491
116.413705	40.05849
116.413692	40.058473
116.413682	40.058449
116.41368	40.058413
116.413675	40.058372
116.413671	40.05829
116.413669	40.058251
116.413672	40.058213
116.413674	40.058175
116.413679	40.058142
116.413682	40.058107
116.413681	40.058078
116.413678	40.058036
116.413683	40.057998
116.413697	40.057951
116.4137	40.057913
116.413702	40.05788
116.413706	40.057848
116.413722	40.057826
116.413721	40.057799
116.413734	40.057764
116.413734	40.057734
116.413744	40.057704
116.413745	40.057654
116.413751	40.057607
116.413748	40.057585
116.413746	40.057565
116.413748	40.057502
116.413738	40.057469
116.413743	40.057439
116.413748	40.057415
116.413746	40.057396
116.413742	40.057337
116.413737	40.057299
116.413738	40.057274
116.413729	40.057247
116.413728	40.057215
116.413727	40.057198
116.413721	40.057151
116.413723	40.057095
116.413718	40.057037
116.41371	40.05698
116.413727	40.056914
116.413739	40.056881
116.413746	40.056851
116.413753	40.056817
116.413751	40.05677
116.413753	40.056723
116.413765	40.056671
116.413773	40.056616
116.413771	40.056561
116.413783	40.05651
116.41379	40.05648
116.413798	40.056426
116.413741	40.056346
116.413725	40.056243
116.41373	40.056146
116.413729	40.056048
116.413744	40.055996
116.413749	40.055967
116.413741	40.055935
116.413751	40.05588
116.413757	40.055797
116.413759	40.055749
116.413778	40.055696
116.413779	40.055654
116.413784	40.05563
116.413798	40.055614
116.413803	40.055585
116.4138	40.055555
116.413803	40.055528
116.413811	40.055494
116.413808	40.05545
116.413805	40.055414
116.413806	40.055375
116.413808	40.055336
116.413807	40.055307
116.413811	40.055277
116.413818	40.055247
116.413809	40.055219
116.413807	40.055193
116.413812	40.055166
116.413809	40.05514
116.4138	40.05511
116.413797	40.055087
116.413799	40.055073
116.413804	40.055048
116.413791	40.055013
116.413792	40.054994
116.413797	40.054968
116.413787	40.054949
116.413783	40.054931
116.413788	40.054914
116.413782	40.054899
116.413788	40.054885
116.413785	40.05487
116.413786	40.054854
116.413774	40.05483
116.413775	40.054787
116.413778	40.054747
116.413774	40.054693
116.413767	40.05464
116.413761	40.05458
116.413753	40.05452
116.413736	40.05446
116.413729	40.054419
116.413722	40.054374
116.413708	40.054329
116.413696	40.054286
116.413686	40.054253
116.413672	40.054211
116.413669	40.054179
116.413656	40.054154
116.41365	40.054137
116.413649	40.054117
116.413622	40.054079
116.413617	40.054054
116.413606	40.054036
116.413596	40.054011
116.413592	40.053995
116.413589	40.053979
116.413576	40.053934
116.413566	40.053917
116.41355	40.053883
116.413538	40.053852
116.413535	40.053818
116.413519	40.053789
116.413504	40.053755
116.413491	40.053729
116.413491	40.053717
116.413477	40.053706
116.413458	40.053662
116.413426	40.053615
116.413414	40.053564
116.413372	40.053497
116.41335	40.05347
116.413328	40.053435
116.413319	40.053398
116.413292	40.053369
116.413279	40.053331
116.413248	40.053289
116.413209	40.053233
116.413174	40.053177
116.413131	40.053114
116.413078	40.053044
116.413035	40.052968
116.412966	40.052889
116.412911	40.052798
116.412839	40.052707
116.412764	40.052609
116.412702	40.052528
116.412648	40.05246
116.412609	40.052404
116.412566	40.052347
116.412532	40.052314
116.41251	40.052275
116.41248	40.052229
116.412458	40.052205
116.412438	40.052181
116.412413	40.052159
116.412397	40.052132
116.412381	40.052101
116.412358	40.052069
116.412332	40.052036
116.412298	40.051996
116.412268	40.051962
116.412248	40.051927
116.412226	40.051893
116.412197	40.051865
116.412139	40.05178
116.412082	40.05171
116.412074	40.051686
116.412058	40.05166
116.412027	40.051629
116.412002	40.051588
116.411975	40.051548
116.411954	40.051508
116.411935	40.051469
116.411912	40.05143
116.411895	40.051388
116.411878	40.051343
116.411852	40.051299
116.411843	40.051257
116.411823	40.051221
116.411812	40.051174
116.411794	40.051127
116.411774	40.051079
116.411752	40.05102
116.411743	40.050959
116.411734	40.050896
116.411713	40.050835
116.411715	40.05078
116.411699	40.050726
116.411699	40.050665
116.411696	40.050602
116.411695	40.050539
116.411694	40.05046
116.411689	40.050388
116.411693	40.050305
116.411706	40.050221
116.411711	40.050132
116.411718	40.050058
116.411735	40.049968
116.411753	40.049885
116.411769	40.049795
116.411785	40.049717
116.411803	40.049643
116.411811	40.049592
116.411817	40.049555
116.411824	40.04953
116.411837	40.04951
116.411834	40.04947
116.411848	40.049434
116.41186	40.049386
116.41186	40.04934
116.41187	40.049283
116.411887	40.049227
116.411895	40.049173
116.411912	40.049106
116.411917	40.049041
116.411935	40.048972
116.411962	40.048898
116.411974	40.048825
116.411988	40.048753
116.412008	40.048679
116.41202	40.048621
116.412036	40.048555
116.412054	40.048498
116.412062	40.048438
116.412079	40.048382
116.412082	40.048325
116.412097	40.04828
116.412104	40.048238
116.412101	40.048209
116.41211	40.048197
116.41211	40.048178
116.41211	40.048165
116.412111	40.04814
116.412116	40.048108
116.412111	40.048062
116.412123	40.048019
116.412123	40.047961
116.412126	40.047897
116.412124	40.047831
116.412131	40.047776
116.412123	40.047709
116.412118	40.047633
116.412119	40.047562
116.412118	40.047486
116.412116	40.047409
116.412112	40.047339
116.412109	40.047273
116.412099	40.047213
116.412107	40.047167
116.412101	40.047116
116.412097	40.047069
116.412104	40.047019
116.412103	40.046952
116.412088	40.046897
116.412092	40.046828
116.412088	40.046768
116.412085	40.046713
116.412084	40.046669
116.412086	40.046616
116.412084	40.046573
116.412075	40.046528
116.412083	40.046468
116.412069	40.046407
116.412067	40.046343
116.412062	40.046272
116.412067	40.046195
116.412062	40.046124
116.412052	40.046046
116.412056	40.045968
116.412051	40.045904
116.412048	40.045829
116.412047	40.04577
116.412045	40.04571
116.412043	40.045648
116.412046	40.045577
116.412066	40.045501
116.4121	40.04543
116.412138	40.04535
116.412187	40.045268
116.412248	40.045177
116.412322	40.045087
116.412392	40.044986
116.412477	40.044883
116.412566	40.044783
116.412639	40.0447
116.412697	40.04461
116.412759	40.044542
116.412793	40.044498
116.412815	40.04447
116.412818	40.044456
116.412855	40.044385
116.412869	40.044338
116.412886	40.044299
116.412916	40.044243
116.412948	40.044186
116.412984	40.044119
116.413017	40.044056
116.413048	40.043988
116.413094	40.04391
116.413132	40.043839
116.413172	40.043746
116.413211	40.043649
116.413252	40.043545
116.413303	40.04344
116.41337	40.043332
116.413425	40.043215
116.413476	40.043103
116.413532	40.042987
116.413583	40.042873
116.41365	40.042753
116.413701	40.042635
116.413775	40.042514
116.413843	40.042379
116.413901	40.042247
116.413961	40.04212
116.414021	40.041978
116.414082	40.041841
116.414157	40.0417
116.414232	40.041564
116.414301	40.041425
116.414385	40.041287
116.414468	40.041147
116.414541	40.040997
116.414631	40.040857
116.414705	40.040719
116.414776	40.040572
116.414851	40.040422
116.414914	40.040274
116.414982	40.04013
116.415058	40.039976
116.415093	40.039831
116.41512	40.039683
116.415135	40.039532
116.415107	40.039371
116.415097	40.039198
116.415085	40.038988
116.415088	40.03877
116.415078	40.038548
116.415123	40.038359
116.415169	40.038164
116.415212	40.037971
116.415242	40.03778
116.415284	40.037589
116.415353	40.037392
116.415411	40.037212
116.415471	40.037019
116.415534	40.036827
116.41563	40.036657
116.415742	40.036491
116.415863	40.036338
116.415972	40.036176
116.416092	40.036025
116.416188	40.035861
116.416287	40.035712
116.416383	40.035563
116.416475	40.035413
116.416551	40.035273
116.416624	40.035126
116.416698	40.034983
116.416753	40.034838
116.416792	40.034688
116.416836	40.03455
116.416868	40.034412
116.416903	40.034291
116.416938	40.034178
116.416959	40.034063
116.416976	40.033964
116.417006	40.033861
116.416998	40.033797
116.417003	40.033717
116.417013	40.033657
116.417024	40.033596
116.417012	40.033549
116.417003	40.033523
116.417019	40.033483
116.417013	40.033451
116.417009	40.033404
116.417001	40.033357
116.416982	40.033307
116.416976	40.033267
116.416972	40.033214
116.416962	40.033159
116.416958	40.033108
116.416956	40.033067
116.416947	40.033017
116.416946	40.032973
116.416935	40.032934
116.416937	40.032893
116.416875	40.03282
116.416881	40.032784
116.416835	40.032708
116.416831	40.032647
116.416835	40.032599
116.416854	40.032553
116.41685	40.032521
116.41686	40.032482
116.416878	40.032448
116.416878	40.032425
116.416974	40.032354
116.417025	40.032345
116.417086	40.032333
116.417145	40.032321
116.417224	40.03232
116.417289	40.032315
116.417368	40.032306
116.417485	40.032304
116.417659	40.032313
116.417807	40.032333
116.417949	40.032357
116.4181	40.032384
116.418271	40.032408
116.418439	40.032425
116.418595	40.032441
116.418768	40.032451
116.41896	40.032458
116.419148	40.03246
116.419319	40.032459
116.419477	40.032468
116.41963	40.032468
116.419801	40.032475
116.419972	40.032478
116.420141	40.032477
116.420302	40.03248
116.42048	40.032475
116.420646	40.032476
116.420831	40.032467
116.421	40.032473
116.42117	40.032472
116.421349	40.032471
116.421519	40.032469
116.421681	40.032475
116.421847	40.032479
116.422001	40.032493
116.422117	40.032499
116.422217	40.032503
116.422311	40.032512
116.422365	40.032516
116.422454	40.032516
116.42251	40.032505
116.422569	40.032496
116.422645	40.032484
116.422728	40.032473
116.42282	40.03247
116.422911	40.03246
116.423013	40.032459
116.423124	40.032458
116.423239	40.032457
116.423363	40.032458
116.423504	40.032455
116.423656	40.032449
116.423811	40.032447
116.423966	40.032445
116.424112	40.032437
116.424265	40.032433
116.424428	40.032425
116.424587	40.032415
116.424741	40.032409
116.424909	40.0324
116.425075	40.032399
116.425242	40.032384
116.425403	40.032375
116.425594	40.032372
116.425785	40.032361
116.425966	40.032352
116.426158	40.032351
116.426354	40.032338
116.426551	40.032333
116.426751	40.03233
116.426956	40.032326
116.427156	40.032316
116.427369	40.032302
116.427572	40.032291
116.427759	40.032275
116.42793	40.032273
116.428081	40.032273
116.428224	40.032273
116.428369	40.032274
116.428504	40.032269
116.428634	40.032283
116.428735	40.032285
116.42879	40.032298
116.428846	40.032311
116.428866	40.032333
116.428884	40.032339
116.428907	40.032354
116.429026	40.032317
116.42908	40.032309
116.429133	40.032304
116.4292	40.032303
116.429294	40.032298
116.429382	40.032285
116.429482	40.032286
116.4296	40.03229
116.429729	40.032288
116.429851	40.032298
116.429998	40.032303
116.430139	40.032308
116.430272	40.032316
116.430408	40.032319
116.430559	40.032329
116.430695	40.032325
116.430856	40.03233
116.431012	40.032335
116.431169	40.032334
116.431322	40.032337
116.431481	40.032335
116.431641	40.032328
116.431798	40.032328
116.431957	40.032324
116.432115	40.032322
116.432262	40.032316
116.432406	40.032319
116.43255	40.032312
116.432689	40.032305
116.432819	40.032303
116.432969	40.032303
116.433106	40.03231
116.433254	40.032307
116.433413	40.0323
116.433582	40.032306
116.433759	40.032305
116.433929	40.032297
116.434099	40.032297
116.434294	40.032291
116.434483	40.03229
116.434674	40.032289
116.434866	40.032288
116.435049	40.032284
116.43523	40.032291
116.435415	40.032284
116.435588	40.032282
116.435757	40.032287
116.435906	40.032285
116.436054	40.032285
116.436186	40.032281
116.436318	40.032283
116.436429	40.032278
116.436539	40.032272
116.436628	40.032266
116.43671	40.032268
116.436762	40.032271
116.436803	40.032271
116.436893	40.032224
116.43694	40.032201
116.437	40.032171
116.437082	40.032154
116.437155	40.032136
116.437238	40.032129
116.437332	40.032125
116.437437	40.032126
116.437564	40.032138
116.437697	40.03215
116.437837	40.03216
116.437981	40.032173
116.438114	40.032181
116.438241	40.032181
116.438366	40.032188
116.438483	40.032185
116.438602	40.032187
116.438725	40.032181
116.438818	40.032179
116.438908	40.03217
116.438994	40.03216
116.439091	40.03216
116.439169	40.032156
116.439259	40.032148
116.439331	40.032147
116.439413	40.032141
116.439484	40.032131
116.43956	40.03212
116.439631	40.032107
116.43971	40.032096
116.43979	40.032083
116.439865	40.032073
116.43994	40.032058
116.440027	40.032043
116.44012	40.032025
116.440213	40.032001
116.440313	40.031991
116.440419	40.031978
116.440538	40.031978
116.44065	40.031977
116.440761	40.03198
116.440838	40.031989
116.440922	40.031977
116.440983	40.031969
116.44105	40.031957
116.441099	40.031956
116.441153	40.031949
116.441216	40.031939
116.441273	40.031938
116.441313	40.031933
116.441353	40.031916
116.441395	40.031907
116.441427	40.031892
116.441466	40.031873
116.441492	40.031855
116.441505	40.031831
116.441526	40.031806
116.441536	40.031778
116.441524	40.031733
116.441521	40.031699
116.441504	40.031643
116.441509	40.031574
116.441504	40.031513
116.441495	40.031447
116.441485	40.031372
116.441485	40.031307
116.441491	40.031241
116.441493	40.03116
116.441488	40.031086
116.441498	40.031001
116.441501	40.030912
116.441509	40.030815
116.441506	40.030721
116.441507	40.030615
116.441507	40.03051
116.441502	40.030408
116.441507	40.030295
116.441506	40.030182
116.441496	40.030059
116.441498	40.029937
116.441507	40.029813
116.441508	40.029678
116.441512	40.02955
116.441516	40.029417
116.441527	40.029286
116.441549	40.029157
116.441555	40.029019
116.441564	40.028882
116.441585	40.028745
116.441578	40.02861
116.441556	40.028476
116.441542	40.028336
116.441527	40.028196
116.441512	40.028059
116.441497	40.027925
116.441473	40.02779
116.441454	40.027654
116.441434	40.027519
116.441406	40.027387
116.441396	40.027259
116.441377	40.027139
116.441367	40.027011
116.441354	40.026885
116.441343	40.026766
116.441332	40.026646
116.441334	40.026531
116.441336	40.02641
116.441324	40.026284
116.441338	40.026158
116.441334	40.026025
116.441351	40.025886
116.441374	40.025747
116.441401	40.025616
116.441431	40.025475
116.441453	40.025342
116.441482	40.025201
116.4415	40.025033
116.441496	40.024856
116.441488	40.024695
116.441485	40.024523
116.441478	40.024359
116.441463	40.024187
116.441463	40.024018
116.441461	40.02384
116.441447	40.023668
116.44143	40.0235
116.441417	40.023334
116.441417	40.023169
116.441404	40.023004
116.441389	40.02285
116.44138	40.0227
116.441373	40.022543
116.441352	40.022405
116.441351	40.022261
116.441344	40.022124
116.44133	40.021986
116.441322	40.021854
116.441326	40.021731
116.441307	40.0216
116.441303	40.021484
116.441284	40.021367
116.441258	40.021249
116.44122	40.021146
116.441187	40.021046
116.441156	40.020942
116.44112	40.020847
116.44109	40.020752
116.44106	40.020659
116.441023	40.020567
116.440988	40.020487
116.440966	40.020403
116.440939	40.020324
116.440904	40.020255
116.440891	40.020193
116.440862	40.020142
116.440833	40.020083
116.440789	40.020024
116.440748	40.01998
116.440691	40.019939
116.440613	40.0199
116.44053	40.019877
116.440447	40.019876
116.440361	40.019893
116.440276	40.019913
116.440191	40.01994
116.440094	40.019967
116.439996	40.020006
116.43992	40.020032
116.439846	40.020061
116.439777	40.020088
116.439708	40.02011
116.439649	40.020133
116.43959	40.020154
116.439533	40.020181
116.439468	40.020206
116.439411	40.020228
116.439347	40.020247
116.439299	40.020273
116.439252	40.020301
116.439219	40.020333
116.439182	40.020365
116.439148	40.0204
116.43913	40.020441
116.439116	40.020477
116.439104	40.020512
116.439103	40.020537
116.439105	40.020567
116.439096	40.020599
116.439111	40.020628
116.439111	40.02066
116.439129	40.020688
116.439161	40.020729
116.439192	40.020761
116.439234	40.020797
116.439288	40.020827
116.439348	40.020844
116.439412	40.020861
116.439474	40.020865
116.439539	40.020862
116.4396	40.020856
116.439657	40.020851
116.439708	40.020842
116.439752	40.020838
116.439789	40.020825
116.439828	40.020818
116.439874	40.020806
116.439906	40.0208
116.439936	40.020787
116.439965	40.020773
116.440006	40.020767
116.44003	40.020757
116.44007	40.020743
116.440099	40.020734
116.440149	40.020718
116.440191	40.020696
116.44024	40.020674
116.44029	40.020654
116.440356	40.020634
116.440427	40.020606
116.440499	40.020581
116.440568	40.020552
116.440648	40.020529
116.440726	40.020506
116.440793	40.020482
116.440843	40.020471
116.440887	40.020451
116.440942	40.020439
116.440991	40.020426
116.441041	40.020411
116.441075	40.020402
116.441125	40.020388
116.441157	40.020378
116.441206	40.02036
116.441242	40.020351
116.441284	40.020337
116.441336	40.020321
116.441376	40.020304
116.441408	40.0203
116.441443	40.020285
116.441492	40.020267
116.441539	40.020242
116.4416	40.020212
116.441654	40.020192
116.441705	40.020171
116.441765	40.020149
116.441812	40.020131
116.441857	40.020107
116.441913	40.0201
116.441951	40.020084
116.442005	40.020068
116.442057	40.020056
116.442117	40.020036
116.442181	40.020007
116.442249	40.01999
116.442309	40.019978
116.442361	40.019956
116.442399	40.019944
116.442451	40.019929
116.442502	40.019909
116.442567	40.019888
116.442629	40.01987
116.442704	40.019845
116.442777	40.019822
116.442842	40.019808
116.442906	40.019787
116.442956	40.019777
116.442995	40.01976
116.443045	40.019748
116.4431	40.019742
116.443148	40.019724
116.443205	40.019714
116.443262	40.019702
116.443326	40.019695
116.443399	40.019692
116.443452	40.01968
116.443505	40.01967
116.443572	40.019659
116.443637	40.01965
116.443696	40.01964
116.443767	40.019622
116.443829	40.019606
116.443892	40.01959
116.443947	40.019575
116.443998	40.01956
116.444047	40.019545
116.444092	40.019527
116.444127	40.019511
116.444178	40.0195
116.444221	40.019493
116.444272	40.019476
116.444319	40.019458
116.444363	40.019443
116.444406	40.019423
116.444462	40.019408
116.444523	40.019386
116.444576	40.019361
116.444657	40.01934
116.444723	40.019316
116.444805	40.01929
116.444876	40.019265
116.44494	40.019254
116.444993	40.019235
116.445034	40.01923
116.44508	40.019217
116.445126	40.01921
116.445151	40.019198
116.445167	40.019201
116.445187	40.019193
116.445298	40.019169
116.445355	40.019158
116.445388	40.019148
116.44543	40.019134
116.445479	40.01913
116.445522	40.019114
116.445587	40.019103
116.445638	40.019082
116.445697	40.019075
116.445753	40.019063
116.44581	40.019045
116.445858	40.019034
116.445915	40.019017
116.445986	40.019002
116.446049	40.018985
116.446115	40.01896
116.446197	40.018946
116.446283	40.018921
116.446384	40.018904
116.446499	40.018887
116.446608	40.018855
116.446727	40.018827
116.446856	40.018792
116.446986	40.018755
116.447118	40.018721
116.447257	40.018683
116.447402	40.018637
116.447534	40.018595
116.447675	40.018554
116.447823	40.018511
116.447963	40.018468
116.448101	40.01842
116.448246	40.018376
116.448397	40.018336
116.448556	40.018288
116.448698	40.018236
116.448851	40.018194
116.449015	40.018145
116.449167	40.018095
116.449325	40.018044
116.449496	40.017992
116.449657	40.017936
116.44983	40.017882
116.449998	40.017826
116.450173	40.017775
116.450343	40.017717
116.450531	40.017647
116.450726	40.017588
116.450918	40.017523
116.451111	40.01746
116.451311	40.017393
116.451514	40.017327
116.451717	40.017261
116.451931	40.017203
116.452145	40.017135
116.452352	40.017066
116.452561	40.017
116.452773	40.016943
116.452985	40.016874
116.453208	40.016811
116.453421	40.01675
116.453641	40.01669
116.453867	40.016624
116.454092	40.016569
116.454317	40.016505
116.45455	40.016437
116.454782	40.016378
116.455021	40.016307
116.455247	40.01624
116.455487	40.016167
116.455734	40.016096
116.455963	40.016035
116.456202	40.015962
116.456435	40.015898
116.456665	40.015826
116.456901	40.015762
116.457143	40.015699
116.457385	40.015646
116.45762	40.015594
116.457873	40.015538
116.458104	40.015487
116.458355	40.015454
116.458592	40.015419
116.458833	40.015387
116.459082	40.015362
116.459317	40.015335
116.459556	40.0153
116.459779	40.015277
116.460022	40.015254
116.460252	40.015239
116.460492	40.015218
116.460721	40.015205
116.460962	40.01519
116.461191	40.015177
116.461433	40.015168
116.461659	40.015158
116.461896	40.015147
116.462131	40.015126
116.462361	40.015125
116.462578	40.015119
116.462807	40.015124
116.463037	40.015134
116.463254	40.015147
116.463469	40.015149
116.463684	40.015147
116.463893	40.015151
116.464111	40.015153
116.46433	40.015148
116.46454	40.015146
116.464767	40.015144
116.464986	40.015138
116.465208	40.015137
116.465431	40.015139
116.465657	40.015135
116.465893	40.015132
116.466141	40.015127
116.466379	40.015129
116.46662	40.015123
116.466877	40.015118
116.467119	40.015122
116.46738	40.015119
116.467627	40.015119
116.467875	40.01512
116.468127	40.015123
116.468372	40.015125
116.468606	40.015118
116.468847	40.015123
116.469055	40.015125
116.469259	40.015134
116.469444	40.015161
116.469627	40.015181
116.469814	40.015211
116.470011	40.015234
116.470217	40.015259
116.470413	40.015272
116.470609	40.015298
116.47081	40.015313
116.471007	40.015341
116.471198	40.015372
116.471383	40.015407
116.471564	40.015444
116.471756	40.015474
116.471942	40.01551
116.472129	40.015542
116.472316	40.015579
116.472493	40.015601
116.47268	40.015632
116.472876	40.015664
116.473058	40.015685
116.473238	40.015719
116.473419	40.015749
116.473592	40.015783
116.473779	40.015809
116.473951	40.015839
116.474139	40.015866
116.474323	40.015882
116.474501	40.015904
116.474687	40.015931
116.474875	40.015947
116.47506	40.015965
116.475254	40.015974
116.475447	40.015991
116.475633	40.016007
116.475826	40.016028
116.476017	40.016054
116.476192	40.016082
116.476386	40.01612
116.476561	40.016164
116.476729	40.016214
116.476913	40.016243
116.47707	40.016293
116.477257	40.016327
116.477445	40.016359
116.477623	40.016409
116.477794	40.016455
116.478001	40.016467
116.478168	40.016502
116.478351	40.016548
116.47852	40.016591
116.478704	40.016631
116.47887	40.016665
116.480355	40.016236
116.481191	40.015656
116.481537	40.015317
116.481902	40.014982
116.482275	40.014688
116.482652	40.014451
116.483008	40.014243
116.483333	40.014057
116.483641	40.013881
116.483945	40.013726
116.484227	40.013568
116.484497	40.013416
116.484768	40.013254
116.485047	40.013092
116.485314	40.01292
116.485567	40.012758
116.485818	40.0126
116.486049	40.012448
116.486276	40.012297
116.486495	40.012152
116.486698	40.012001
116.48689	40.011852
116.487089	40.0117
116.487274	40.011547
116.487464	40.011395
116.487638	40.011238
116.487803	40.011085
116.487973	40.010925
116.488139	40.010768
116.488303	40.010612
116.488469	40.010455
116.48863	40.010296
116.488776	40.010151
116.488921	40.010002
116.489065	40.009861
116.489199	40.009733
116.489339	40.009596
116.489464	40.009468
116.489599	40.009342
116.48974	40.009213
116.489865	40.009084
116.489992	40.008958
116.490126	40.008824
116.490252	40.008702
116.490383	40.008569
116.490516	40.008441
116.490644	40.008309
116.490781	40.00818
116.490905	40.008046
116.491044	40.007921
116.491177	40.007784
116.491305	40.007647
116.491443	40.007516
116.491575	40.007375
116.491707	40.007238
116.491842	40.007095
116.49198	40.006956
116.492107	40.006809
116.492251	40.006675
116.492382	40.006535
116.492514	40.006397
116.492637	40.00626
116.492766	40.006137
116.492882	40.006003
116.493004	40.005869
116.493129	40.005744
116.493249	40.005618
116.493363	40.005497
116.493471	40.005384
116.493579	40.005273
116.493678	40.005158
116.493795	40.005047
116.493898	40.00493
116.494002	40.00482
116.494116	40.004712
116.494217	40.004602
116.494298	40.004515
116.494388	40.004423
116.494463	40.004343
116.494537	40.004266
116.494612	40.0042
116.494689	40.004123
116.494763	40.004055
116.494827	40.003991
116.494909	40.003917
116.494971	40.003844
116.495046	40.003774
116.495123	40.0037
116.495211	40.003621
116.49529	40.003542
116.495366	40.003452
116.495455	40.003358
116.495538	40.00327
116.495625	40.003168
116.495715	40.00307
116.495808	40.002969
116.495902	40.002863
116.496003	40.00275
116.4961	40.002635
116.496207	40.002525
116.496306	40.002416
116.496405	40.00231
116.496502	40.002205
116.496596	40.002107
116.496669	40.002006
116.496742	40.001909
116.496812	40.001817
116.496866	40.001735
116.496909	40.001637
116.496963	40.001549
116.496993	40.001463
116.49702	40.001372
116.497032	40.001277
116.497048	40.001175
116.497057	40.001078
116.497071	40.000967
116.497066	40.000864
116.497074	40.000752
116.497081	40.000629
116.497074	40.000508
116.49708	40.000384
116.497079	40.000254
116.49707	40.000121
116.497061	39.999978
116.497037	39.99984
116.49701	39.999701
116.496967	39.999561
116.496931	39.999416
116.496892	39.999275
116.496857	39.999128
116.496815	39.998984
116.496774	39.998829
116.496729	39.998681
116.496683	39.998532
116.496632	39.998385
116.49658	39.998229
116.49653	39.998086
116.496472	39.997943
116.496425	39.997806
116.496357	39.997674
116.496292	39.997551
116.496214	39.997423
116.496138	39.997305
116.496048	39.997189
116.495938	39.997084
116.495845	39.99697
116.495767	39.996856
116.495691	39.996741
116.495627	39.996643
116.495562	39.996553
116.495504	39.996472
116.495451	39.996394
116.495409	39.996313
116.49536	39.996234
116.495303	39.996165
116.495259	39.996095
116.495209	39.996038
116.495154	39.995969
116.495097	39.995921
116.495059	39.995881
116.495028	39.995838
116.494983	39.995795
116.494948	39.995765
116.494922	39.99573
116.4949	39.995709
116.494881	39.995686
116.494864	39.99567
116.494845	39.995649
116.494837	39.99563
116.49483	39.995624
116.494741	39.995545
116.49472	39.995527
116.494699	39.995503
116.494683	39.995476
116.494654	39.995438
116.494623	39.995405
116.494582	39.995366
116.494551	39.995333
116.49452	39.995291
116.494478	39.995255
116.49444	39.995217
116.494391	39.995175
116.49435	39.995131
116.494313	39.995092
116.494273	39.99505
116.494224	39.995013
116.49419	39.994973
116.494141	39.994933
116.494104	39.994899
116.494055	39.994865
116.494009	39.994838
116.493972	39.994806
116.493936	39.994775
116.493909	39.994744
116.493895	39.99472
116.49388	39.994695
116.493855	39.994681
116.493841	39.99466
116.493835	39.994641
116.493816	39.994629
116.493807	39.994612
116.493783	39.9946
116.493765	39.994585
116.493748	39.994556
116.493708	39.994519
116.493666	39.994478
116.49363	39.994432
116.493587	39.994401
116.493553	39.99436
116.493524	39.994326
116.49349	39.994293
116.493468	39.994264
116.493435	39.994235
116.493424	39.994224
116.493409	39.994207
116.493351	39.994172
116.49333	39.994148
116.493317	39.994125
116.493294	39.994104
116.493275	39.994083
116.493262	39.99406
116.493244	39.994048
116.493225	39.994028
116.493209	39.994006
116.49319	39.993994
116.493176	39.993974
116.49315	39.993962
116.493138	39.993943
116.493136	39.99393
116.493097	39.993912
116.493067	39.993883
116.493049	39.993869
116.493036	39.993846
116.49302	39.993832
116.492995	39.99382
116.492991	39.993801
116.49297	39.993788
116.492936	39.993767
116.492896	39.993732
116.49289	39.993713
116.492869	39.993704
116.492862	39.993688
116.492781	39.993611
116.492741	39.993579
116.492722	39.993564
116.492635	39.99349
116.492609	39.993464
116.492576	39.993424
116.492537	39.993377
116.492488	39.993337
116.492437	39.993289
116.492399	39.99325
116.49234	39.993193
116.492241	39.993114
116.492215	39.993082
116.492178	39.993063
116.492161	39.993038
116.492129	39.993021
116.492104	39.992999
116.49209	39.992977
116.492072	39.992958
116.491962	39.99288
116.491867	39.992799
116.491788	39.99274
116.491741	39.992703
116.49169	39.992665
116.491648	39.992626
116.491597	39.992591
116.49155	39.99255
116.491512	39.99252
116.491459	39.992479
116.49142	39.992442
116.49137	39.992413
116.491316	39.992375
116.491262	39.99233
116.491225	39.992297
116.491194	39.992264
116.491158	39.99222
116.491112	39.992187
116.491081	39.99215
116.491035	39.992104
116.49099	39.992056
116.490947	39.992024
116.490852	39.991935
116.490778	39.991843
116.490731	39.991784
116.49066	39.991704
116.490595	39.991628
116.490512	39.991525
116.490436	39.991448
116.490378	39.991392
116.490287	39.991306
116.490211	39.991222
116.490127	39.99114
116.490044	39.991063
116.48998	39.990982
116.489904	39.990922
116.489869	39.990877
116.489779	39.990801
116.489741	39.990777
116.489706	39.990741
116.489656	39.990718
116.489629	39.99069
116.489597	39.990663
116.48956	39.990635
116.489529	39.99061
116.48951	39.990586
116.489471	39.990552
116.489447	39.990532
116.489416	39.990505
116.489382	39.990473
116.489342	39.990451
116.48931	39.990424
116.489281	39.990394
116.489249	39.990371
116.489222	39.990345
116.489196	39.990323
116.489164	39.990296
116.489136	39.990282
116.489122	39.990262
116.489079	39.990237
116.489087	39.990237
116.489081	39.990237
116.48908	39.990237
116.489088	39.990235
116.489083	39.990237
116.489089	39.990239
116.489084	39.990243
116.489083	39.990252
116.489066	39.990258
116.489063	39.990259
116.489061	39.990277
116.489053	39.990285
116.489042	39.990299
116.489036	39.990308
116.489028	39.99032
116.489015	39.99033
116.489012	39.990349
116.489009	39.990358
116.489004	39.990358
116.489003	39.990361
116.489003	39.990372
116.489	39.990372
116.489006	39.990375
116.489001	39.990379
116.489	39.990382
116.489005	39.990379
116.489001	39.990388
116.488997	39.990388
116.488993	39.990384
116.488985	39.990389
116.488983	39.990385
116.488967	39.990387
116.488964	39.990383
116.488965	39.99038
116.488949	39.990386
116.488946	39.99038
116.488935	39.990382
116.488925	39.990376
116.488922	39.990377
116.488917	39.990373
116.48891	39.990375
116.4889	39.990376
116.488907	39.990371
116.488896	39.990365
116.488903	39.99037
116.488896	39.990368
116.488896	39.990366
116.488907	39.990366
116.488907	39.990364
116.488915	39.990356
116.488907	39.990356
116.488917	39.990355
116.488914	39.990363
116.488922	39.990363
116.488917	39.990365
116.488926	39.990363
116.48892	39.990362
116.488928	39.990363
116.488923	39.990362
116.488932	39.990368
116.48894	39.990366
116.488944	39.990372
116.488938	39.990368
116.488946	39.990367
116.488955	39.990372
116.488956	39.990375
116.488961	39.990366
116.488966	39.990355
116.48896	39.990353
116.488956	39.990346
116.488934	39.990321
116.488893	39.990295
116.48887	39.990268
116.488832	39.990231
116.488782	39.990186
116.488727	39.990136
116.488672	39.990083
116.488622	39.99003
116.488582	39.989976
116.488537	39.989937
116.488493	39.98989
116.488471	39.989854
116.488438	39.989838
116.488423	39.989815
116.4884	39.989799
116.488382	39.989781
116.488372	39.989767
116.488356	39.98975
116.488331	39.989729
116.488324	39.989713
116.488296	39.9897
116.488287	39.98968
116.488268	39.989667
116.488242	39.989642
116.488219	39.989625
116.4882	39.98961
116.48819	39.989599
116.488102	39.989519
116.488096	39.9895
116.488008	39.989436
116.487986	39.989409
116.48798	39.989368
116.487989	39.989322
116.488	39.989277
116.488006	39.989224
116.488022	39.989178
116.488036	39.989135
116.488104	39.989071
116.488132	39.989016
116.488199	39.988968
116.488253	39.988926
116.488302	39.988862
116.488335	39.988815
116.488391	39.98879
116.488445	39.988754
116.488486	39.988719
116.488535	39.988694
116.488589	39.988659
116.488637	39.988631
116.488819	39.988343
116.488829	39.988314
116.489176	39.988453
116.489329	39.988519
116.489408	39.98855
116.489373	39.988533
116.489308	39.988528
116.489336	39.988507
116.489364	39.988498
116.489378	39.988488
116.489428	39.988419
116.489489	39.988357
116.489525	39.988332
116.489565	39.988298
116.489605	39.988258
116.489656	39.988228
116.48971	39.988187
116.489751	39.988132
116.489792	39.988085
116.489838	39.988031
116.489874	39.987983
116.489905	39.987937
116.489933	39.987898
116.489948	39.987858
116.489979	39.987847
116.490041	39.98784
116.4901	39.987842
116.490163	39.987844
116.490231	39.987845
116.490313	39.987848
116.490402	39.987849
116.490505	39.987855
116.490609	39.987859
116.490735	39.987863
116.490857	39.987862
116.490987	39.987872
116.491118	39.987883
116.491258	39.987888
116.491396	39.987893
116.491528	39.987898
116.491673	39.987911
116.491822	39.987919
116.491974	39.987933
116.492125	39.987939
116.492277	39.98795
116.492415	39.987966
116.492576	39.987974
116.492718	39.987982
116.492845	39.987984
116.492974	39.987996
116.493087	39.988008
116.4932	39.988024
116.493333	39.988027
116.493473	39.988025
116.493649	39.988012
116.49383	39.988005
116.494024	39.987991
116.494217	39.987978
116.494401	39.987969
116.494582	39.987953
116.494759	39.987943
116.494928	39.987924
116.495093	39.987917
116.495263	39.987904
116.495408	39.9879
116.495533	39.987891
116.495662	39.987879
116.495795	39.987875
116.495907	39.987869
116.496016	39.987859
116.496105	39.987857
116.496199	39.98785
116.496268	39.987842
116.496341	39.987836
116.496396	39.987837
116.496458	39.987839
116.496511	39.987842
116.496551	39.987847
116.496581	39.987847
116.496617	39.987851
116.496655	39.987852
116.496688	39.98785
116.496718	39.987857
116.496747	39.987855
116.496801	39.98786
116.496859	39.987862
116.496917	39.987862
116.496962	39.987869
116.497028	39.98787
116.497075	39.987877
116.497125	39.987875
116.497147	39.987883
116.497173	39.987886
116.49721	39.987887
116.497237	39.987887
116.497258	39.987894
116.49728	39.987893
116.497315	39.987899
116.497345	39.987901
116.497386	39.987901
116.497429	39.987905
116.497476	39.987905
116.497533	39.987902
116.49758	39.987899
116.497628	39.98789
116.497689	39.987893
116.497741	39.987887
116.49781	39.987881
116.497869	39.987882
116.497925	39.987879
116.497978	39.987868
116.498034	39.987868
116.498093	39.987869
116.498149	39.987861
116.498193	39.987863
116.498254	39.987861
116.498305	39.987856
116.49836	39.987854
116.4984	39.987859
116.49844	39.987857
116.498472	39.987855
116.498496	39.987859
116.498532	39.987855
116.498562	39.987859
116.498586	39.987857
116.498624	39.987859
116.498673	39.987865
116.49871	39.987861
116.498751	39.987863
116.498786	39.987862
116.498826	39.987862
116.498883	39.987866
116.498932	39.987862
116.49899	39.98786
116.499058	39.987858
116.499123	39.987861
116.49918	39.987864
116.499247	39.987863
116.499313	39.987861
116.49938	39.987859
116.499444	39.98786
116.499499	39.987859
116.499553	39.987857
116.499604	39.987852
116.499647	39.987849
116.499707	39.987851
116.499759	39.987859
116.499821	39.987857
116.49988	39.987856
116.499939	39.987861
116.499998	39.987859
116.500068	39.987861
116.500134	39.98786
116.500186	39.987858
116.500259	39.987862
116.500311	39.987865
116.500369	39.987863
116.500409	39.987861
116.500439	39.987865
116.500465	39.987859
116.500484	39.987865
116.500556	39.987854
116.500587	39.987842
116.500621	39.987845
116.500653	39.987837
116.500688	39.987831
116.50071	39.987834
116.500739	39.987836
116.500761	39.98783
116.500777	39.987834
116.500794	39.987832
116.500817	39.987836
116.500888	39.98783
116.500922	39.987828
116.500966	39.987823
116.501022	39.987822
116.501077	39.987823
116.501132	39.987821
116.501206	39.987833
116.501279	39.987834
116.50137	39.987843
116.501463	39.987856
116.501545	39.987861
116.501628	39.987871
116.501716	39.987878
116.501805	39.987882
116.501892	39.987891
116.501985	39.987896
116.502079	39.987898
116.502159	39.987902
116.502252	39.987906
116.502352	39.987907
116.502445	39.987905
116.502533	39.987898
116.502621	39.987896
116.502707	39.9879
116.502791	39.9879
116.502849	39.987897
116.502904	39.987905
116.502954	39.987907
116.502975	39.987907
116.503	39.987905
116.503031	39.987903
116.50305	39.987903
116.503085	39.987904
116.503119	39.987896
116.503169	39.987889
116.503223	39.98788
116.503297	39.987866
116.503379	39.987868
116.503453	39.987867
116.503521	39.987872
116.50358	39.987873
116.503629	39.987868
116.503665	39.987861
116.503708	39.987862
116.503741	39.987843
116.503761	39.987816
116.503786	39.987789
116.503787	39.987765
116.503782	39.987719
116.503786	39.987673
116.503774	39.987622
116.503767	39.987564
116.503764	39.987501
116.503757	39.987445
116.503748	39.987382
116.503744	39.987317
116.503737	39.987261
116.503737	39.987194
116.503722	39.98713
116.503719	39.987052
116.503724	39.986973
116.503711	39.986899
116.50371	39.986807
116.503703	39.986709
116.503697	39.986602
116.503697	39.986503
116.503697	39.986399
116.503694	39.986294
116.503688	39.986185
116.503698	39.986068
116.503688	39.985943
116.503694	39.985822
116.503688	39.985695
116.503687	39.985562
116.503695	39.985425
116.503691	39.985282
116.503694	39.985127
116.503682	39.98498
116.503688	39.98483
116.503677	39.984688
116.50368	39.984536
116.503675	39.984384
116.50368	39.984225
116.503672	39.984069
116.503677	39.983914
116.503669	39.983755
116.503678	39.983605
116.503685	39.983451
116.50369	39.983309
116.50368	39.983158
116.503684	39.983009
116.503674	39.982934
116.503672	39.982825
116.503677	39.982709
116.503686	39.982594
116.503685	39.982482
116.503691	39.982369
116.503691	39.98224
116.503681	39.982111
116.503689	39.981978
116.503689	39.981835
116.50369	39.981695
116.50367	39.981557
116.503639	39.981418
116.503613	39.981284
116.5036	39.981152
116.503588	39.981035
116.503566	39.98091
116.503567	39.980808
116.503554	39.980724
116.503551	39.980636
116.503541	39.980575
116.503539	39.980519
116.503551	39.980463
116.50358	39.980422
116.503609	39.980388
116.503662	39.980359
116.503706	39.980345
116.503773	39.980329
116.503847	39.980329
116.503936	39.980321
116.504045	39.980325
116.504164	39.980334
116.5043	39.980352
116.504432	39.980356
116.504564	39.980373
116.504699	39.980377
116.50483	39.980387
116.504962	39.980396
116.505093	39.980409
116.505224	39.980417
116.505365	39.980419
116.505496	39.980426
116.505618	39.98043
116.505726	39.98044
116.505814	39.980438
116.505905	39.980443
116.505998	39.980451
116.506074	39.980449
116.506142	39.980458
116.506205	39.980464
116.506248	39.98048
116.506302	39.980492
116.506334	39.980517
116.506377	39.980546
116.506405	39.98057
116.506418	39.980607
116.506434	39.980656
116.506439	39.980703
116.506433	39.98076
116.506432	39.980813
116.506429	39.980882
116.50642	39.980952
116.50642	39.981028
116.506416	39.98111
116.5064	39.981194
116.506405	39.981288
116.506396	39.981385
116.506392	39.981481
116.506391	39.981575
116.506377	39.981671
116.506374	39.981776
116.506378	39.981871
116.50638	39.981978
116.506376	39.982084
116.506374	39.982189
116.50636	39.982288
116.506366	39.982394
116.50636	39.98249
116.506369	39.982579
116.506361	39.982662
116.506367	39.982754
116.506368	39.98283
116.506371	39.982894
116.506364	39.982951
116.506356	39.982992
116.506359	39.983022
116.50634	39.983063
116.506329	39.983093
116.5063	39.98312
116.506276	39.983144
116.506255	39.983164
116.506242	39.983188
116.50622	39.983199
116.506217	39.983212
116.506201	39.983213
116.506191	39.983229
116.506178	39.983241
116.506167	39.98325
116.506152	39.983278
116.506142	39.983309
116.506141	39.983348
116.506129	39.983387
116.506109	39.98342
116.506104	39.983464
116.506092	39.983498
116.506088	39.983545
116.506089	39.983606
116.506082	39.98366
116.506077	39.983722
116.506079	39.983777
116.50608	39.983828
116.506065	39.98388
116.506039	39.983923
116.505997	39.983952
116.505927	39.983975
116.505851	39.98399
116.505777	39.984005
116.505697	39.984016
116.50562	39.984017
116.505553	39.984022
116.505507	39.984029
116.505482	39.984028
116.505376	39.984001
116.505316	39.983961