116.489864	39.972755
116.489852	39.972571
116.489854	39.972506
116.489843	39.972438
116.48983	39.972367
116.489828	39.972295
116.489808	39.972217
116.489805	39.972128
116.489791	39.972035
116.489787	39.97194
116.489785	39.971845
116.489787	39.971754
116.489774	39.971662
116.489771	39.971577
116.489769	39.971497
116.489771	39.971427
116.489776	39.971353
116.489779	39.97128
116.489774	39.971192
116.489777	39.971117
116.489765	39.971019
116.489772	39.970925
116.489757	39.970832
116.489762	39.970734
116.489764	39.970628
116.489762	39.970515
116.489759	39.970389
116.489756	39.970249
116.489743	39.970106
116.489748	39.969958
116.489736	39.969813
116.489746	39.969664
116.489739	39.969521
116.48974	39.969376
116.489747	39.969225
116.489739	39.969082
116.489744	39.968937
116.489744	39.96881
116.489752	39.968688
116.489742	39.968574
116.48975	39.968474
116.48974	39.968392
116.489747	39.968301
116.489748	39.96822
116.489744	39.968149
116.489745	39.968067
116.489751	39.967993
116.48976	39.967928
116.489756	39.967862
116.489765	39.96781
116.489767	39.967754
116.48978	39.967693
116.489792	39.96764
116.489798	39.967579
116.489807	39.967513
116.489817	39.96745
116.489828	39.96737
116.489838	39.967291
116.489842	39.9672
116.489854	39.96711
116.489859	39.967013
116.489867	39.966904
116.489868	39.966794
116.489878	39.966684
116.489891	39.966576
116.489958	39.966479
116.490016	39.966392
116.490068	39.966308
116.490129	39.96623
116.490197	39.966161
116.490266	39.966083
116.490354	39.966007
116.490445	39.965937
116.490541	39.965868
116.490639	39.965801
116.490754	39.965732
116.49086	39.965669
116.490971	39.965605
116.491091	39.965542
116.491195	39.965477
116.49131	39.965417
116.491417	39.965348
116.491498	39.965298
116.491584	39.965233
116.491679	39.965176
116.491777	39.965103
116.4919	39.965031
116.492004	39.96495
116.492135	39.964871
116.49225	39.964781
116.492371	39.964697
116.492493	39.964612
116.492585	39.964548
116.492675	39.964494
116.492744	39.964438
116.492811	39.964393
116.492883	39.964342
116.492946	39.964303
116.492999	39.964269
116.493053	39.964236
116.493098	39.964212
116.493148	39.96418
116.493178	39.964165
116.493199	39.964144
116.493212	39.964096
116.493251	39.964063
116.493305	39.964023
116.493366	39.963983
116.493433	39.96394
116.493509	39.963887
116.493585	39.963846
116.49367	39.963792
116.493776	39.963729
116.493877	39.963659
116.493977	39.963601
116.49407	39.963536
116.494176	39.963476
116.494261	39.963417
116.494351	39.963357
116.494438	39.963303
116.494528	39.963247
116.4946	39.963203
116.494664	39.963161
116.494701	39.963137
116.49473	39.963125
116.494794	39.963091
116.494917	39.963038
116.494981	39.963006
116.495056	39.962966
116.495117	39.962927
116.495195	39.962879
116.495275	39.962832
116.495359	39.96278
116.49544	39.962729
116.495522	39.962672
116.495602	39.962623
116.495677	39.962575
116.495744	39.96253
116.495824	39.962469
116.495905	39.962414
116.49599	39.96236
116.496076	39.9623
116.496171	39.962243
116.496252	39.962189
116.496338	39.962133
116.49642	39.962078
116.496506	39.962031
116.496589	39.96198
116.496676	39.961921
116.496756	39.96187
116.496844	39.961809
116.49693	39.961752
116.497019	39.961698
116.497096	39.961639
116.497183	39.961581
116.497273	39.961528
116.497348	39.961481
116.497418	39.961433
116.497486	39.961383
116.497542	39.961348
116.497594	39.961293
116.497659	39.96125
116.497717	39.961197
116.497763	39.961142
116.497794	39.961086
116.497825	39.961025
116.49785	39.960972
116.497882	39.960915
116.497902	39.960859
116.497932	39.960799
116.497947	39.96075
116.497965	39.960689
116.497995	39.960635
116.498007	39.960577
116.498028	39.960516
116.498052	39.960466
116.498075	39.960408
116.49811	39.960362
116.498134	39.960308
116.498151	39.960264
116.498172	39.960229
116.498188	39.96019
116.498205	39.960157
116.498234	39.960114
116.498261	39.960073
116.498282	39.960034
116.498309	39.959988
116.498324	39.959941
116.498354	39.95989
116.49838	39.959842
116.498397	39.959791
116.498421	39.959743
116.498436	39.959692
116.49846	39.959637
116.498469	39.959585
116.49848	39.959533
116.498488	39.95948
116.498501	39.95943
116.498514	39.959376
116.498527	39.95932
116.498545	39.959269
116.498564	39.959215
116.49859	39.959152
116.498624	39.959078
116.498658	39.958989
116.498689	39.9589
116.498726	39.958814
116.498754	39.958733
116.498784	39.958643
116.498818	39.958563
116.498842	39.958482
116.498873	39.958405
116.498898	39.958325
116.498933	39.958245
116.498962	39.958173
116.498986	39.958095
116.499011	39.95802
116.499039	39.957945
116.499062	39.957877
116.499095	39.957806
116.499115	39.957739
116.499137	39.957675
116.499162	39.957606
116.49918	39.957539
116.49919	39.957472
116.49922	39.957403
116.49924	39.957342
116.499255	39.957272
116.499274	39.957214
116.49929	39.957147
116.499322	39.957078
116.499338	39.957013
116.499363	39.956954
116.499393	39.956888
116.499412	39.956828
116.499443	39.956766
116.499456	39.956697
116.499479	39.956643
116.499502	39.956583
116.499529	39.95653
116.499527	39.956504
116.499538	39.956471
116.499555	39.956433
116.499569	39.956387
116.49959	39.956345
116.499604	39.956295
116.499619	39.956253
116.49963	39.956213
116.499628	39.956187
116.499628	39.956162
116.499647	39.956133
116.49967	39.956098
116.499695	39.956052
116.499725	39.956006
116.499751	39.955959
116.499779	39.955902
116.499808	39.955838
116.499838	39.955766
116.499871	39.955688
116.499903	39.955608
116.499928	39.955537
116.499951	39.955456
116.499976	39.955381
116.5	39.955311
116.500014	39.955237
116.50003	39.955165
116.500056	39.955093
116.50007	39.955015
116.500108	39.954912
116.500134	39.954821
116.500169	39.954727
116.500206	39.954627
116.500241	39.954528
116.500276	39.954437
116.500309	39.954342
116.500327	39.954263
116.500349	39.954183
116.500364	39.954112
116.500363	39.954043
116.500346	39.954
116.500312	39.953969
116.500227	39.953943
116.50013	39.953926
116.50002	39.953911
116.499911	39.953898
116.499789	39.953899
116.499656	39.953906
116.499529	39.953905
116.499378	39.953903
116.499231	39.953902
116.499085	39.953904
116.498935	39.9539
116.498794	39.953901
116.498655	39.953902
116.498514	39.953902
116.498381	39.953897
116.498257	39.953902
116.498127	39.95391
116.498002	39.953907
116.497866	39.95391
116.497729	39.953902
116.497556	39.953908
116.497383	39.953904
116.497208	39.953895
116.497036	39.9539
116.496874	39.953904
116.496737	39.953908
116.496604	39.953904
116.496475	39.953906
116.496343	39.953901
116.496227	39.953892
116.496097	39.953873
116.495968	39.95387
116.495818	39.953852
116.495661	39.953844
116.495492	39.953836
116.495322	39.953829
116.495164	39.953834
116.495002	39.953832
116.494842	39.953836
116.494692	39.953841
116.494541	39.953842
116.494378	39.953848
116.494214	39.953853
116.494037	39.95386
116.493867	39.953869
116.493685	39.953873
116.493519	39.953872
116.493346	39.953878
116.493171	39.953887
116.492996	39.953891
116.492824	39.953896
116.492648	39.953889
116.492478	39.953892
116.492298	39.953895
116.492125	39.953892
116.491952	39.9539
116.491782	39.953901
116.491601	39.953903
116.491434	39.953903
116.491266	39.953909
116.491095	39.95391
116.490929	39.953912
116.490769	39.953911
116.490607	39.95392
116.490442	39.95392
116.490275	39.953919
116.490178	39.953942
116.490048	39.953947
116.48993	39.953951
116.489839	39.95395
116.489772	39.95395
116.489719	39.953966
116.489662	39.953977
116.489628	39.954042
116.489593	39.954094
116.489561	39.95415
116.48956	39.954245
116.489542	39.954332
116.489521	39.954423
116.489495	39.954529
116.489462	39.95464
116.489425	39.954749
116.489387	39.954854
116.489348	39.954962
116.489303	39.955062
116.489263	39.955184
116.489217	39.955318
116.489162	39.955445
116.489119	39.95558
116.489078	39.955714
116.489029	39.955856
116.488978	39.955995
116.488919	39.95614
116.488856	39.95628
116.488796	39.956414
116.488727	39.956545
116.488656	39.956667
116.488595	39.956791
116.488523	39.956903
116.488465	39.957017
116.488407	39.957124
116.488344	39.957226
116.488281	39.957332
116.488236	39.957432
116.488181	39.957515
116.48814	39.957594
116.488088	39.957675
116.488039	39.957753
116.488015	39.957794
116.48799	39.957831
116.487958	39.95787
116.487928	39.957914
116.48789	39.957956
116.487853	39.957991
116.487814	39.958034
116.487773	39.958077
116.487729	39.958113
116.487697	39.95816
116.487659	39.958191
116.487626	39.958226
116.487599	39.958257
116.487597	39.958266
116.487656	39.958209
116.487728	39.958178
116.487797	39.958145
116.487791	39.958163
116.487781	39.958178
116.48777	39.95819
116.487738	39.958215
116.487681	39.958287
116.487641	39.958331
116.487594	39.958397
116.487541	39.958461
116.487492	39.958523
116.487434	39.95858
116.487392	39.95865
116.487337	39.958715
116.487291	39.958782
116.48723	39.958842
116.487183	39.958917
116.487139	39.958992
116.48709	39.959064
116.487025	39.959136
116.486952	39.959222
116.486886	39.95929
116.486797	39.959367
116.486716	39.959433
116.486633	39.959504
116.486543	39.95959
116.486454	39.959683
116.486366	39.959791
116.486266	39.959894
116.486182	39.959997
116.486083	39.960087
116.485993	39.960186
116.485902	39.960277
116.485816	39.960358
116.485723	39.960444
116.485636	39.960522
116.485559	39.960603
116.485474	39.960682
116.485379	39.960754
116.485295	39.960836
116.485206	39.960902
116.485124	39.960977
116.485046	39.961054
116.484954	39.96112
116.484862	39.961193
116.484773	39.961263
116.484685	39.961331
116.484595	39.961405
116.484508	39.961479
116.484425	39.96155
116.484322	39.961635
116.484223	39.961721
116.484131	39.961805
116.48403	39.961889
116.483927	39.961967
116.483832	39.96205
116.483744	39.962131
116.483664	39.962199
116.483569	39.962262
116.483488	39.962337
116.483414	39.962382
116.483321	39.962428
116.483232	39.962475
116.483152	39.962521
116.483061	39.962572
116.482982	39.962625
116.482894	39.962679
116.48281	39.962739
116.482709	39.962791
116.482622	39.962834
116.482536	39.962892
116.482442	39.962942
116.482322	39.963019
116.482193	39.963101
116.482055	39.963192
116.481882	39.963297
116.481718	39.963413
116.481552	39.963522
116.481378	39.963634
116.48121	39.963751
116.481044	39.963876
116.480873	39.96399
116.480712	39.964107
116.480537	39.964222
116.480367	39.964336
116.480201	39.964447
116.480032	39.964568
116.479851	39.964686
116.479675	39.9648
116.479495	39.964922
116.479319	39.965035
116.479131	39.965154
116.478955	39.965266
116.478786	39.96538
116.4786	39.965504
116.478423	39.965617
116.478243	39.965737
116.478056	39.965843
116.477877	39.965958
116.4777	39.966072
116.47752	39.966192
116.477343	39.966306
116.477182	39.966414
116.477005	39.966518
116.476845	39.966634
116.476677	39.966737
116.476522	39.966838
116.476375	39.966938
116.476215	39.967036
116.476063	39.967128
116.475895	39.96723
116.475743	39.967332
116.475577	39.967446
116.47542	39.967552
116.475249	39.967663
116.475093	39.967773
116.474923	39.967883
116.474763	39.967994
116.474588	39.968103
116.474423	39.968222
116.474259	39.968333
116.47409	39.968455
116.473908	39.968566
116.473734	39.968679
116.473561	39.968798
116.47338	39.968919
116.473201	39.969032
116.473026	39.969143
116.472843	39.969261
116.472671	39.969377
116.472499	39.969486
116.472317	39.969599
116.472151	39.969712
116.471974	39.969821
116.4718	39.969933
116.471624	39.970047
116.471449	39.970157
116.47128	39.970265
116.471122	39.97037
116.470954	39.970483
116.470784	39.970587
116.470628	39.970692
116.470454	39.970807
116.470295	39.970916
116.47012	39.971029
116.469944	39.971142
116.469772	39.971259
116.469594	39.971375
116.469406	39.971489
116.469236	39.971608
116.469052	39.971725
116.468899	39.971829
116.468742	39.971932
116.468584	39.972023
116.468435	39.972116
116.468296	39.972208
116.468166	39.972303
116.468025	39.972382
116.467884	39.972475
116.467748	39.972558
116.46761	39.972649
116.467471	39.972738
116.467325	39.97283
116.46717	39.972924
116.467016	39.973018
116.466851	39.973121
116.466685	39.973225
116.466519	39.973338
116.466337	39.973444
116.466161	39.973559
116.46599	39.97368
116.465805	39.973794
116.465618	39.97392
116.465432	39.974043
116.465236	39.974172
116.465058	39.974296
116.464868	39.974429
116.464687	39.974558
116.4645	39.974672
116.464308	39.974793
116.464126	39.974924
116.46395	39.97504
116.463768	39.975164
116.463593	39.975278
116.46342	39.975395
116.463242	39.975508
116.46308	39.975617
116.46293	39.97572
116.46278	39.975809
116.462646	39.975905
116.462499	39.976001
116.462359	39.976088
116.462222	39.976172
116.462072	39.976262
116.461926	39.976365
116.461777	39.976461
116.46162	39.976574
116.461451	39.976686
116.461284	39.976799
116.461103	39.976907
116.460938	39.977028
116.460758	39.977145
116.460593	39.97726
116.460409	39.97737
116.460237	39.977495
116.460062	39.977612
116.459888	39.977727
116.459704	39.977843
116.459522	39.977958
116.459356	39.978068
116.459178	39.978193
116.459008	39.978308
116.458824	39.978421
116.458639	39.978529
116.458455	39.978636
116.45827	39.978755
116.458076	39.978872
116.4579	39.978994
116.457706	39.979105
116.45752	39.979234
116.45733	39.979361
116.457139	39.979484
116.456944	39.979618
116.456757	39.979746
116.45658	39.979875
116.456395	39.980002
116.456198	39.980116
116.456018	39.980244
116.455827	39.980359
116.455651	39.98049
116.455483	39.980627
116.455292	39.980747
116.455099	39.980875
116.454917	39.981003
116.454736	39.981129
116.45456	39.981267
116.454376	39.98139
116.454197	39.981509
116.454002	39.981631
116.453816	39.98175
116.453639	39.981866
116.453456	39.981983
116.453271	39.982096
116.453089	39.982211
116.452914	39.98233
116.452745	39.982442
116.452561	39.982548
116.452392	39.982669
116.45223	39.982779
116.452055	39.982889
116.451884	39.982998
116.45173	39.983103
116.451563	39.983208
116.45141	39.983315
116.451248	39.983423
116.451086	39.983534
116.45091	39.983643
116.450746	39.983745
116.450585	39.983859
116.450416	39.983968
116.450247	39.984086
116.450082	39.984201
116.449912	39.984313
116.449735	39.984425
116.449568	39.984546
116.449394	39.98466
116.449214	39.984772
116.449035	39.984888
116.448857	39.985014
116.448676	39.985128
116.448505	39.985248
116.448323	39.985368
116.448143	39.985483
116.447963	39.985586
116.44778	39.985699
116.447592	39.985796
116.447407	39.985886
116.447223	39.98598
116.447045	39.986064
116.446855	39.98615
116.446678	39.986229
116.446512	39.986304
116.446332	39.986385
116.44617	39.986453
116.446007	39.986529
116.445844	39.986601
116.445688	39.986688
116.44553	39.98678
116.445375	39.986885
116.445225	39.986995
116.445103	39.987107
116.44497	39.987224
116.44489	39.987368
116.444798	39.987502
116.444726	39.987642
116.44467	39.987794
116.444609	39.987954
116.444569	39.988113
116.444528	39.988283
116.44452	39.98846
116.444505	39.988649
116.44451	39.988829
116.444506	39.989007
116.444513	39.989171
116.444516	39.989326
116.444537	39.989474
116.444553	39.989605
116.444596	39.989738
116.444637	39.989855
116.444671	39.989968
116.444696	39.990068
116.444743	39.99017
116.444801	39.990276
116.444853	39.990393
116.444914	39.990507
116.444982	39.990625
116.445045	39.990753
116.445121	39.990884
116.445198	39.99101
116.445267	39.991145
116.445355	39.991285
116.445439	39.99142
116.445526	39.991565
116.445616	39.991714
116.445709	39.991864
116.445813	39.992013
116.445924	39.992158
116.446017	39.992303
116.446103	39.992434
116.446199	39.992569
116.44628	39.992719
116.446385	39.992871
116.446478	39.99303
116.446576	39.993191
116.44669	39.993352
116.446798	39.993509
116.446898	39.993665
116.447016	39.993825
116.447116	39.99399
116.44724	39.99415
116.447353	39.994315
116.447462	39.994471
116.447571	39.994635
116.447682	39.994803
116.447802	39.994971
116.447909	39.995125
116.448015	39.99529
116.448127	39.995444
116.448237	39.995604
116.448345	39.995764
116.448449	39.995931
116.448554	39.996094
116.448665	39.996252
116.448771	39.996413
116.448881	39.99657
116.448989	39.996733
116.449084	39.996884
116.449188	39.997044
116.449299	39.997206
116.449397	39.997359
116.449493	39.99752
116.449588	39.997676
116.449676	39.997838
116.449775	39.997998
116.449858	39.998165
116.449954	39.998337
116.450042	39.998501
116.450124	39.998674
116.450212	39.998856
116.450297	39.999031
116.450376	39.999217
116.450462	39.999399
116.450544	39.9996
116.450624	39.999808
116.450713	40.000024
116.4508	40.000243
116.450872	40.000465
116.450965	40.000701
116.451044	40.000941
116.451124	40.00118
116.451203	40.001415
116.451268	40.001649
116.451343	40.001887
116.45142	40.002111
116.451496	40.002346
116.451562	40.002579
116.451626	40.002808
116.451679	40.003028
116.45175	40.003257
116.451807	40.003477
116.45188	40.003693
116.451935	40.003899
116.452006	40.004118
116.452075	40.004328
116.452151	40.004537
116.452223	40.004747
116.452296	40.004958
116.452371	40.005167
116.452437	40.005395
116.452521	40.005609
116.452595	40.005824
116.452669	40.006035
116.452744	40.006245
116.45282	40.006466
116.45288	40.00668
116.452957	40.0069
116.453021	40.007109
116.453091	40.007332
116.453161	40.007548
116.453232	40.007756
116.453295	40.007968
116.453365	40.008171
116.453438	40.008371
116.453499	40.008566
116.45355	40.008752
116.453615	40.008947
116.453671	40.009131
116.453735	40.009324
116.453805	40.009521
116.453866	40.009712
116.453932	40.009912
116.454002	40.010111
116.45407	40.010312
116.454136	40.01052
116.454209	40.010727
116.454286	40.010932
116.454348	40.011143
116.454417	40.011357
116.454493	40.011573
116.454563	40.01179
116.45463	40.012003
116.454701	40.012221
116.454776	40.012443
116.454854	40.012654
116.454913	40.012854
116.454983	40.013065
116.455059	40.013268
116.45512	40.013472
116.455188	40.013676
116.455265	40.013881
116.455329	40.014085
116.455403	40.014287
116.455467	40.014485
116.455534	40.014685
116.455588	40.01488
116.455656	40.015065
116.455727	40.015263
116.455791	40.015454
116.455853	40.01565
116.455919	40.015843
116.455985	40.016038
116.456038	40.016233
116.456107	40.016435
116.456174	40.016629
116.456236	40.016822
116.456302	40.017016
116.45637	40.017221
116.456434	40.017415
116.456507	40.017613
116.456561	40.017813
116.456626	40.01801
116.456694	40.0182
116.456756	40.018402
116.456817	40.018595
116.45688	40.018786
116.456939	40.018986
116.457004	40.019178
116.457061	40.019376
116.457131	40.019569
116.457211	40.019765
116.457275	40.019971
116.45735	40.020167
116.45742	40.020371
116.457488	40.020567
116.457565	40.020769
116.457638	40.020966
116.457715	40.021165
116.457781	40.021365
116.457856	40.021563
116.457922	40.021758
116.458005	40.021965
116.458082	40.022162
116.458165	40.02236
116.458266	40.022558
116.45836	40.022749
116.458465	40.022931
116.458556	40.023118
116.458673	40.023302
116.458774	40.023492
116.458893	40.023671
116.459	40.023854
116.459125	40.024032
116.459241	40.02421
116.459376	40.024389
116.459502	40.024563
116.459641	40.024746
116.459779	40.024921
116.459922	40.025102
116.460057	40.02527
116.460216	40.025435
116.460375	40.025604
116.460527	40.025774
116.460681	40.025934
116.460843	40.026086
116.460994	40.026244
116.46116	40.026399
116.461327	40.026549
116.461487	40.026702
116.461667	40.026855
116.461843	40.027002
116.462021	40.027154
116.462204	40.027307
116.462386	40.027455
116.462576	40.027604
116.462781	40.027746
116.462976	40.027898
116.463174	40.028038
116.463385	40.028181
116.463583	40.028331
116.463801	40.028476
116.464007	40.028624
116.464218	40.028769
116.464441	40.028915
116.464661	40.029059
116.464873	40.0292
116.4651	40.029346
116.465305	40.029493
116.465525	40.029632
116.465733	40.029775
116.465936	40.029906
116.466142	40.030042
116.466351	40.030181
116.466568	40.030324
116.466777	40.030451
116.466985	40.030595
116.467199	40.03073
116.467411	40.030871
116.467619	40.031012
116.467826	40.031157
116.46803	40.031302
116.468245	40.03144
116.468455	40.031586
116.468667	40.031728
116.468882	40.031874
116.46909	40.03201
116.469306	40.032153
116.469529	40.032296
116.469738	40.03243
116.469943	40.03257
116.470151	40.032704
116.470349	40.032842
116.470564	40.032974
116.470763	40.033116
116.470974	40.03326
116.471185	40.033393
116.47139	40.033532
116.4716	40.03368
116.471814	40.033815
116.472022	40.033957
116.472244	40.034087
116.47246	40.034219
116.47266	40.03434
116.472859	40.034457
116.473046	40.034566
116.473206	40.034666
116.473367	40.034763
116.473504	40.03485
116.47363	40.034925
116.47374	40.034988
116.473821	40.035044
116.473905	40.035105
116.47398	40.035147
116.474048	40.0352
116.474099	40.035241
116.474156	40.035278
116.474204	40.03531
116.47427	40.035353
116.47432	40.035392
116.474386	40.035429
116.474435	40.03546
116.47443	40.035428
116.474376	40.035475
116.474375	40.03549
116.47442	40.03552
116.474486	40.03555
116.474537	40.035549
116.474594	40.035593
116.474671	40.03564
116.474744	40.035694
116.474826	40.035755
116.474918	40.035824
116.475021	40.035911
116.475122	40.035996
116.475246	40.03609
116.475363	40.03618
116.475491	40.036288
116.475617	40.036391
116.475746	40.03649
116.475872	40.0366
116.47601	40.03671
116.476162	40.036828
116.476305	40.036951
116.476445	40.037072
116.476598	40.037202
116.476747	40.037324
116.476906	40.037457
116.477072	40.037595
116.477224	40.037731
116.477378	40.037878
116.477539	40.038023
116.477697	40.038169
116.477854	40.038323
116.478018	40.038475
116.478189	40.038626
116.478342	40.038787
116.478503	40.038952
116.478664	40.039124
116.478818	40.039296
116.478968	40.039464
116.479128	40.039642
116.479293	40.039828
116.479463	40.040009
116.479606	40.040192
116.479762	40.040389
116.479917	40.040582
116.480052	40.040778
116.480187	40.040971
116.480325	40.041165
116.480449	40.041359
116.48058	40.041556
116.480703	40.041755
116.480831	40.041963
116.480941	40.042172
116.481058	40.042376
116.481177	40.04259
116.481276	40.04279
116.481369	40.042989
116.481461	40.043171
116.481549	40.043352
116.481626	40.043531
116.481707	40.043719
116.481779	40.043896
116.481836	40.044073
116.481892	40.044253
116.481949	40.044444
116.482002	40.044625
116.482065	40.04481
116.482116	40.044995
116.482171	40.045183
116.482231	40.045367
116.482281	40.045566
116.482323	40.045758
116.482365	40.045948
116.482402	40.046147
116.482444	40.046338
116.482472	40.046537
116.482507	40.04673
116.482546	40.046924
116.482568	40.047128
116.482596	40.047322
116.482618	40.047524
116.482632	40.047718
116.482651	40.047922
116.48267	40.048124
116.482687	40.048333
116.482701	40.04854
116.482731	40.048743
116.482741	40.048944
116.482766	40.049157
116.48277	40.049362
116.482786	40.049569
116.482811	40.049777
116.482825	40.049985
116.482848	40.050186
116.482851	40.050399
116.482867	40.050614
116.482855	40.050847
116.482856	40.051076
116.482847	40.051309
116.482851	40.051539
116.482839	40.051776
116.482831	40.052017
116.482812	40.052254
116.482803	40.052497
116.482795	40.052728
116.482785	40.052967
116.482763	40.053196
116.482755	40.053427
116.482748	40.053663
116.482733	40.0539
116.482721	40.054128
116.482712	40.054355
116.482694	40.054588
116.482684	40.054818
116.482673	40.055041
116.482651	40.055267
116.482648	40.055493
116.482636	40.055715
116.482625	40.055941
116.482616	40.05617
116.482603	40.056396
116.482594	40.056621
116.482595	40.056842
116.482582	40.057069
116.482567	40.057286
116.482564	40.057502
116.482549	40.057728
116.482549	40.057951
116.482535	40.058179
116.482524	40.058404
116.482521	40.058631
116.482511	40.058859
116.482492	40.059087
116.482492	40.059319
116.482468	40.059553
116.482462	40.059783
116.482447	40.060017
116.482429	40.06024
116.482415	40.06047
116.482404	40.060704
116.482402	40.06094
116.482388	40.061164
116.482376	40.061401
116.482371	40.061627
116.482364	40.061857
116.482356	40.062085
116.482346	40.062316
116.482335	40.062541
116.482335	40.062757
116.48233	40.062977
116.482317	40.063192
116.482304	40.063413
116.482287	40.063622
116.482278	40.063841
116.482281	40.064062
116.482272	40.064275
116.482262	40.064497
116.482254	40.064716
116.482239	40.064944
116.482239	40.06517
116.482223	40.065403
116.482218	40.06564
116.48221	40.065864
116.482196	40.066096
116.482188	40.066337
116.482183	40.066563
116.48217	40.0668
116.482165	40.067031
116.482157	40.067268
116.482142	40.067505
116.482135	40.067748
116.482127	40.06799
116.482107	40.068233
116.482107	40.068484
116.482093	40.068741
116.482082	40.068992
116.482075	40.06924
116.482056	40.069488
116.482048	40.069741
116.482045	40.06998
116.482042	40.070229
116.482031	40.070473
116.482027	40.070715
116.482009	40.070951
116.482008	40.0712
116.481997	40.071444
116.481997	40.071684
116.481979	40.071918
116.481974	40.072167
116.481967	40.072407
116.481967	40.072647
116.481958	40.07289
116.48195	40.073131
116.481954	40.073363
116.481946	40.073614
116.481947	40.073854
116.48194	40.074097
116.481937	40.074338
116.481937	40.074576
116.481934	40.074825
116.48192	40.075065
116.481922	40.07531
116.481909	40.075543
116.481903	40.075791
116.481895	40.076035
116.481883	40.076274
116.481876	40.076519
116.481868	40.076757
116.481868	40.076997
116.481859	40.077234
116.481841	40.077466
116.481834	40.077709
116.48182	40.07794
116.481812	40.078178
116.481804	40.078419
116.481786	40.07865
116.481769	40.078888
116.481755	40.079121
116.481741	40.079353
116.481721	40.07959
116.481705	40.079825
116.481691	40.080058
116.481653	40.080301
116.481629	40.080551
116.481617	40.08081
116.481595	40.081071
116.481579	40.081328
116.481573	40.081587
116.481567	40.081851
116.481567	40.08211
116.48153	40.082369
116.481503	40.082641
116.481501	40.082906
116.481485	40.08317
116.481476	40.083431
116.481472	40.083691
116.481459	40.083949
116.481458	40.084206
116.481445	40.084459
116.481438	40.084718
116.481416	40.08497
116.481416	40.085207
116.481417	40.085453
116.481412	40.085688
116.481404	40.085924
116.481402	40.086148
116.481398	40.08637
116.48139	40.086589
116.481392	40.086816
116.481392	40.087033
116.481388	40.087247
116.481387	40.087464
116.481385	40.087694
116.481379	40.087913
116.481387	40.088134
116.481387	40.088354
116.48139	40.088572
116.481395	40.088786
116.481396	40.089011
116.481394	40.089228
116.481393	40.089443
116.481387	40.089669
116.481384	40.089885
116.481367	40.090109
116.481362	40.090327
116.481361	40.090546
116.481343	40.090775
116.481336	40.090992
116.481325	40.091217
116.481313	40.091436
116.481307	40.091667
116.4813	40.091896
116.48129	40.092134
116.481278	40.092374
116.481282	40.092607
116.481265	40.09284
116.481265	40.093085
116.481252	40.093319
116.481244	40.093555
116.481245	40.09379
116.481233	40.09402
116.48123	40.094242
116.48121	40.094469
116.48121	40.094694
116.481201	40.094925
116.481208	40.095147
116.481203	40.095372
116.481212	40.09559
116.481206	40.095809
116.481214	40.096029
116.481208	40.096246
116.481215	40.096471
116.481226	40.096688
116.481235	40.096914
116.481232	40.097128
116.481244	40.097345
116.481262	40.097567
116.481273	40.097791
116.481289	40.09801
116.481314	40.098231
116.481332	40.098462
116.481364	40.098693
116.481395	40.09892
116.481417	40.099154
116.481466	40.099386
116.481506	40.099615
116.481553	40.099847
116.481596	40.100079
116.481637	40.100305
116.481688	40.100528
116.481747	40.100745
116.481794	40.100967
116.481837	40.10118
116.4819	40.101392
116.481949	40.101616
116.48202	40.101832
116.482084	40.102051
116.48215	40.102265
116.482227	40.102477
116.482303	40.102683
116.482374	40.102887
116.482458	40.103097
116.482521	40.103308
116.4826	40.103513
116.482662	40.103723
116.482718	40.103916
116.482796	40.104093
116.482871	40.104271
116.482954	40.104448
116.483025	40.104611
116.483096	40.104789
116.483174	40.104958
116.483249	40.105137
116.483327	40.105318
116.48341	40.105501
116.483487	40.105684
116.483572	40.105863
116.483665	40.106048
116.483753	40.106239
116.483831	40.106446
116.483896	40.106644
116.483971	40.10685
116.484055	40.107058
116.484127	40.107255
116.48419	40.10746
116.484257	40.107661
116.484305	40.107867
116.484369	40.108066
116.484417	40.10827
116.484475	40.108474
116.484528	40.108665
116.484569	40.108863
116.484615	40.109069
116.484663	40.109261
116.4847	40.109462
116.48474	40.109657
116.48478	40.109853
116.484804	40.110043
116.484837	40.11023
116.484858	40.110414
116.484869	40.110591
116.484899	40.11077
116.484912	40.110947
116.484929	40.111117
116.484948	40.11128
116.484947	40.111441
116.484955	40.111601
116.484968	40.11174
116.484977	40.111887
116.48498	40.112022
116.484994	40.112145
116.485	40.112261
116.485023	40.11239
116.485031	40.112515
116.485051	40.112641
116.485052	40.112761
116.485068	40.112905
116.485077	40.113039
116.485088	40.113178
116.48509	40.113319
116.485093	40.113459
116.485107	40.113591
116.48511	40.11374
116.485121	40.113881
116.485119	40.114025
116.485122	40.114166
116.485127	40.114306
116.485133	40.114461
116.485127	40.114607
116.485132	40.114759
116.485124	40.114898
116.485112	40.115056
116.485103	40.115211
116.485098	40.115374
116.485086	40.115546
116.485081	40.115712
116.485084	40.115881
116.485073	40.116046
116.485043	40.116206
116.485036	40.116352
116.48503	40.116465
116.48503	40.116586
116.48505	40.116691
116.48509	40.116776
116.485134	40.116867
116.48521	40.116932
116.485289	40.116991
116.485384	40.117035
116.485489	40.117071
116.485616	40.117076
116.485736	40.117081
116.485863	40.117052
116.485993	40.117016
116.486091	40.116951
116.486161	40.116867
116.48623	40.116782
116.486258	40.116688
116.486279	40.116586
116.486244	40.116482
116.486211	40.116393
116.486145	40.116314
116.486057	40.116239
116.485941	40.116188
116.485831	40.116143
116.485693	40.116124
116.485556	40.116112
116.485404	40.116111
116.485256	40.116122
116.485085	40.116157
116.484915	40.116188
116.484746	40.11623
116.484563	40.11627
116.484375	40.116313
116.484188	40.116353
116.483996	40.116396
116.48379	40.11644
116.483588	40.116498
116.483385	40.116549
116.483177	40.116597
116.482975	40.11665
116.482774	40.116711
116.482568	40.11676
116.482371	40.116814
116.482164	40.116871
116.481963	40.116926
116.481765	40.116975
116.481564	40.117033
116.481363	40.117079
116.481162	40.117125
116.480956	40.11718
116.480756	40.117219
116.480537	40.11727
116.480329	40.117318
116.48013	40.117368
116.479916	40.117429
116.479716	40.117478
116.479513	40.117534
116.479312	40.117579
116.479121	40.11763
116.47894	40.117674
116.478763	40.117723
116.478592	40.117767
116.478446	40.117804
116.478294	40.117836
116.47817	40.117875
116.478043	40.117904
116.477931	40.11793
116.477839	40.117956
116.477744	40.117979
116.477666	40.117997
116.477601	40.118025
116.477558	40.118053
116.477501	40.11808
116.477333	40.118146
116.477235	40.118175
116.477105	40.118201
116.476973	40.118229
116.476845	40.11826
116.476713	40.118299
116.476576	40.118325
116.476453	40.118361
116.476308	40.118401
116.476162	40.11844
116.476002	40.118475
116.475844	40.118508
116.475682	40.118549
116.475528	40.118572
116.475358	40.118603
116.475203	40.118622
116.475055	40.118633
116.474891	40.118643
116.474751	40.118649
116.474614	40.118651
116.474513	40.118647
116.474434	40.118635
116.474366	40.118632
116.47431	40.118631
116.474256	40.118626
116.474203	40.118624
116.474153	40.118615
116.474099	40.118612
116.474046	40.118598
116.473987	40.118589
116.47393	40.11858
116.473866	40.118575
116.4738	40.11856
116.473729	40.118552
116.473656	40.118535
116.473598	40.118513
116.47352	40.11849
116.473445	40.118473
116.473358	40.11845
116.473276	40.118435
116.47318	40.118423
116.473086	40.118415
116.472983	40.11841
116.472885	40.118403
116.472775	40.118395
116.472649	40.118392
116.472513	40.118391
116.472367	40.118386
116.472216	40.118388
116.472061	40.118389
116.471903	40.118392
116.471731	40.118398
116.471572	40.1184
116.471404	40.11841
116.471234	40.118406
116.47105	40.118411
116.470874	40.118421
116.470694	40.118419
116.4705	40.118419
116.470314	40.118428
116.470133	40.118426
116.469946	40.118433
116.469762	40.118435
116.469571	40.118444
116.469377	40.118451
116.469203	40.118453
116.469023	40.11846
116.468837	40.11846
116.468643	40.118467
116.468436	40.118471
116.468221	40.118475
116.468009	40.11848
116.467792	40.118477
116.46759	40.118486
116.467384	40.118482
116.467179	40.118488
116.466995	40.118494
116.466799	40.118499
116.466612	40.118493
116.466439	40.118497
116.466254	40.118502
116.466084	40.118498
116.465896	40.118498
116.465721	40.118504
116.465545	40.118507
116.465366	40.118502
116.465184	40.11851
116.464997	40.118508
116.464817	40.118505
116.464625	40.118511
116.464441	40.118517
116.464255	40.118516
116.46407	40.118526
116.463898	40.118529
116.463748	40.118537
116.463609	40.118537
116.463474	40.118541
116.463331	40.118536
116.463205	40.118538
116.463086	40.118531
116.462964	40.118534
116.462849	40.118536
116.462739	40.118533
116.462657	40.11853
116.462601	40.118534
116.46255	40.118534
116.462495	40.118536
116.462456	40.118537
116.462425	40.118534
116.462327	40.118534
116.462269	40.118536
116.462216	40.118535
116.462161	40.118531
116.462083	40.118531
116.461998	40.118535
116.461917	40.118539
116.461815	40.118543
116.4617	40.118543
116.461585	40.118548
116.461474	40.118556
116.461364	40.118556
116.461235	40.118554
116.461116	40.118567
116.460992	40.118575
116.46084	40.118583
116.460691	40.11859
116.460553	40.118598
116.460399	40.118609
116.460255	40.11862
116.460098	40.118635
116.459942	40.118655
116.459769	40.11867
116.45961	40.11868
116.459453	40.118703
116.459284	40.118719
116.459109	40.11874
116.458937	40.118756
116.458756	40.118771
116.45856	40.118781
116.458375	40.1188
116.458188	40.11881
116.457992	40.118821
116.457801	40.118836
116.45761	40.118862
116.45742	40.118876
116.457205	40.118907
116.456951	40.118926
116.456666	40.118943
116.456408	40.118928
116.456171	40.118911
116.455892	40.118852
116.455657	40.11881
116.45546	40.118796
116.455286	40.11878
116.455109	40.118776
116.454958	40.11877
116.454823	40.118765
116.454682	40.118769
116.454562	40.118763
116.454447	40.118767
116.454338	40.118761
116.454254	40.118761
116.45419	40.118756
116.454148	40.118761
116.45408	40.118762
116.454027	40.118757
116.45397	40.118752
116.453923	40.118756
116.453853	40.118758
116.453781	40.118755
116.453665	40.118759
116.45356	40.118758
116.453446	40.118753
116.453338	40.118751
116.453215	40.118751
116.453094	40.118756
116.452965	40.118756
116.452825	40.118761
116.452681	40.118761
116.45255	40.118766
116.452431	40.118766
116.452313	40.118761
116.452198	40.118765
116.452078	40.118761
116.451965	40.118768
116.451842	40.118774
116.451679	40.118775
116.451496	40.118784
116.45133	40.118786
116.451143	40.118795
116.450966	40.118795
116.450766	40.118802
116.450577	40.118807
116.450398	40.118809
116.450213	40.11881
116.450027	40.118821
116.449826	40.118822
116.449633	40.118831
116.449419	40.118832
116.449217	40.118831
116.449014	40.118836
116.448815	40.118839
116.448631	40.11884
116.448445	40.118846
116.448258	40.118845
116.448081	40.118857
116.447887	40.118859
116.447707	40.118862
116.447521	40.118869
116.447335	40.118872
116.447147	40.118868
116.446957	40.118876
116.446763	40.118884
116.446564	40.118882
116.446354	40.118889
116.446159	40.118893
116.445959	40.118894
116.445761	40.118896
116.445569	40.118905
116.445406	40.118902
116.445252	40.118902
116.445116	40.11891
116.444988	40.118908
116.444855	40.118914
116.44471	40.118915
116.444576	40.11892
116.444446	40.11893
116.444294	40.118929
116.444136	40.118935
116.443973	40.11894
116.443808	40.118944
116.443647	40.118951
116.443468	40.118949
116.443294	40.118952
116.443127	40.118956
116.442953	40.118966
116.442761	40.118975
116.442573	40.118981
116.442382	40.118989
116.44219	40.118997
116.441997	40.119007
116.441795	40.119013
116.441593	40.119016
116.441372	40.119016
116.441142	40.119014
116.440928	40.119013
116.440694	40.11902
116.440468	40.119016
116.440228	40.119005
116.439985	40.118996
116.439716	40.118985
116.439453	40.118969
116.439209	40.118953
116.438954	40.118936
116.438728	40.118924
116.438491	40.118914
116.438277	40.118899
116.438066	40.118885
116.437857	40.118876
116.437646	40.118858
116.437425	40.11885
116.437201	40.118831
116.436983	40.118813
116.436753	40.118785
116.436521	40.118773
116.436294	40.118749
116.436073	40.118735
116.435854	40.118712
116.43564	40.118696
116.435437	40.118671
116.435234	40.118652
116.435033	40.118637
116.434838	40.118622
116.434668	40.118607
116.434498	40.118585
116.434337	40.118576
116.434193	40.118566
116.434068	40.118547
116.433941	40.118542
116.433857	40.118531
116.433793	40.118524
116.433729	40.118515
116.433643	40.118509
116.433582	40.11851
116.433523	40.118502
116.433462	40.118492
116.433392	40.118486
116.4333	40.118474
116.433209	40.118459
116.433085	40.118447
116.432957	40.118434
116.432824	40.11842
116.432677	40.118408
116.432511	40.11839
116.432343	40.118373
116.432175	40.118362
116.432003	40.118342
116.431802	40.118317
116.431604	40.118304
116.431408	40.118285
116.431194	40.118267
116.430977	40.118249
116.430761	40.118229
116.43053	40.118206
116.430311	40.118184
116.430084	40.118163
116.429864	40.118147
116.429629	40.118126
116.429406	40.118097
116.429182	40.11808
116.428952	40.118057
116.428727	40.118038
116.428523	40.118017
116.428321	40.117999
116.428114	40.117979
116.427913	40.117973
116.427707	40.117958
116.427487	40.11794
116.427263	40.117923
116.427034	40.117913
116.426798	40.11789
116.426569	40.117873
116.426332	40.117856
116.426106	40.117835
116.425892	40.117814
116.425686	40.117807
116.425487	40.1178
116.425312	40.117786
116.425148	40.117776
116.425023	40.117749
116.424877	40.117733
116.424743	40.117713
116.424617	40.117696
116.424484	40.117686
116.424364	40.117668
116.424237	40.117658
116.424109	40.117642
116.423997	40.117635
116.423897	40.117623
116.423799	40.117621
116.423707	40.117616
116.423641	40.117605
116.423579	40.117595
116.423549	40.117599
116.423459	40.117598
116.423405	40.117596
116.423333	40.117597
116.423273	40.117594
116.42317	40.117594
116.423062	40.117592
116.422936	40.117582
116.42281	40.117575
116.422677	40.117558
116.422528	40.117549
116.422357	40.117529
116.422197	40.117508
116.422032	40.117492
116.421853	40.117477
116.421672	40.117456
116.421493	40.117434
116.421305	40.11742
116.421127	40.117404
116.420955	40.117383
116.420773	40.117365
116.420607	40.117347
116.420428	40.117324
116.420242	40.117305
116.420042	40.117289
116.419839	40.117267
116.41964	40.117246
116.419448	40.117221
116.419242	40.117206
116.419034	40.117182
116.418839	40.117161
116.418628	40.117149
116.418437	40.117129
116.418234	40.117113
116.418034	40.117094
116.41785	40.117081
116.417668	40.117066
116.417481	40.117046
116.417313	40.117031
116.417121	40.117021
116.416948	40.117006
116.416761	40.116994
116.416568	40.116971
116.416377	40.116953
116.416188	40.116935
116.416006	40.116921
116.415805	40.116896
116.4156	40.116884
116.4154	40.116861
116.415198	40.116846
116.414997	40.116829
116.414795	40.116815
116.414594	40.116799
116.414405	40.116778
116.414214	40.116763
116.41403	40.116746
116.413851	40.116737
116.413669	40.116718
116.413506	40.116706
116.413355	40.116697
116.413195	40.116678
116.413047	40.116667
116.412916	40.116653
116.412791	40.116647
116.412711	40.116637
116.412625	40.116636
116.412559	40.116638
116.412496	40.116629
116.412448	40.116627
116.412413	40.116634
116.412383	40.116629
116.412344	40.116635
116.412308	40.11665
116.412272	40.116681
116.412235	40.116718
116.412206	40.116765
116.412174	40.116822
116.412136	40.116882
116.41212	40.116966
116.412088	40.117069
116.412065	40.117171
116.412049	40.117274
116.412018	40.117382
116.411998	40.1175
116.411981	40.11761
116.411962	40.117735
116.411946	40.117857
116.411929	40.117976
116.411898	40.118089
116.41188	40.11822
116.411845	40.118349
116.41182	40.118476
116.411783	40.118596
116.411753	40.118733
116.411721	40.118861
116.411683	40.118998
116.411626	40.119151
116.411571	40.119303
116.411528	40.119444
116.411474	40.119602
116.41143	40.119749
116.411378	40.119905
116.411329	40.120062
116.411277	40.120225
116.411224	40.120397
116.411161	40.120554
116.411126	40.120713
116.411073	40.120862
116.411029	40.121029
116.410983	40.121188
116.410939	40.12134
116.410886	40.121498
116.410838	40.121648
116.410798	40.121801
116.410748	40.121953
116.410693	40.122098
116.41065	40.122252
116.410602	40.122395
116.41056	40.122548
116.410524	40.122703
116.410475	40.122845
116.410426	40.122995
116.410384	40.123136
116.410341	40.123276
116.410296	40.12342
116.410259	40.123555
116.410224	40.123685
116.410172	40.123816
116.410127	40.123949
116.410092	40.124073
116.410054	40.124186
116.410014	40.124287
116.409983	40.124385
116.409957	40.124485
116.409934	40.124576
116.409895	40.12466
116.409877	40.124745
116.409874	40.124808
116.409881	40.124852
116.409909	40.124882
116.409949	40.124907
116.409992	40.124916
116.410047	40.124926
116.410097	40.124938
116.410152	40.124958
116.410197	40.124977
116.410265	40.124992
116.410341	40.12502
116.410415	40.12504
116.410494	40.125062
116.410579	40.125077
116.410666	40.125093
116.410763	40.125101
116.410875	40.125117
116.410988	40.125121
116.411107	40.125124
116.411238	40.125129
116.411377	40.125143
116.41152	40.125147
116.411669	40.125154
116.41181	40.125162
116.411957	40.125171
116.412115	40.125174
116.412269	40.125189
116.412426	40.125196
116.412588	40.125198
116.412747	40.125208
116.41291	40.125211
116.413057	40.125223
116.413217	40.12523
116.413382	40.125238
116.413529	40.125254
116.413685	40.125257
116.413834	40.125265
116.413976	40.125269
116.414124	40.125276
116.414258	40.125283
116.41437	40.125294
116.414476	40.125283
116.414597	40.125271
116.41469	40.125267
116.414798	40.125277
116.414893	40.12528
116.414992	40.125293
116.415088	40.125305
116.415161	40.125314
116.415215	40.125312
116.415243	40.125314
116.415286	40.125307
116.415312	40.125305
116.415345	40.125291
116.415365	40.125277
116.415391	40.125255
116.415396	40.125231
116.415407	40.125208
116.415408	40.125181
116.415418	40.125165
116.415424	40.125091
116.415431	40.125031
116.415428	40.125003
116.415422	40.124956
116.415428	40.124907
116.415428	40.124856
116.415367	40.125225